tab = {
{[CFrame.new(-16.7906494, 80.3000183, 1.96688843, 0.207883701, -0.978158355, -3.72525122e-09, 7.74527054e-10, -3.64386277e-09, 1, -0.978158355, -0.207883701, 1.10418497e-13)] = 'Structure',[2] = 'ChopSaw'},
{[CFrame.new(-16.8088074, 80.3000183, -1.77648926, 0.406709582, -0.913557529, -3.09810866e-09, 1.45754848e-08, 3.09764925e-09, 1, -0.913557529, -0.406709582, 1.45753871e-08)] = 'Structure',[2] = 'ChopSaw'},
{[CFrame.new(-25.2026367, 80.3000183, 0.180175781, 0.406709671, -0.913557529, -3.72525122e-09, 1.51519641e-09, -3.4031864e-09, 1, -0.913557529, -0.406709641, 1.10234853e-13)] = 'Structure',[2] = 'ChopSaw'},
{[CFrame.new(-24.5942993, 80.3000031, 5.6260376, 0.207882732, -0.978153765, -9.30358368e-09, -3.03195435e-07, -7.39481649e-08, 1, -0.978153765, -0.207882732, -3.11944262e-07)] = 'Structure',[2] = 'ChopSaw'},
{[CFrame.new(-20.2973938, 80.3000412, -15.2590942, 0.866012096, -0.500024557, 1.50396133e-07, -2.02130039e-07, -4.92990715e-08, 1, -0.500024617, -0.866011798, -1.43763458e-07)] = 'Structure',[2] = 'ChopSaw'},
{[CFrame.new(-22.8669434, 80.3000107, 10.8262939, -3.01298023e-05, -1, 2.46578082e-08, 2.79877753e-07, 2.46493759e-08, 1, -1, 3.01298023e-05, 2.79877014e-07)] = 'Structure',[2] = 'ChopSaw'},
{[CFrame.new(-20.0961304, 80.3000031, 15.5538483, -0.207940996, -0.978142262, -2.73148748e-09, -1.66431278e-08, 7.45583706e-10, 1, -0.978142262, 0.207940996, -1.64343437e-08)] = 'Structure',[2] = 'ChopSaw'},
{[CFrame.new(-23.0064087, 80.3000183, -10.4956055, 0.743125677, -0.669153154, 0, 0, 0, 1, -0.669153154, -0.743125677, 0)] = 'Structure',[2] = 'ChopSaw'},
{[CFrame.new(-24.6655579, 80.3000183, -5.27316284, 0.587761343, -0.809034526, -3.09810932e-09, 1.36129383e-08, 6.06037265e-09, 1, -0.809034526, -0.587761343, 1.45753871e-08)] = 'Structure',[2] = 'ChopSaw'},
{[CFrame.new(-28.5075378, 80.2999954, 17.3430634, -2.97724364e-05, -1, -2.73151746e-09, -1.64344769e-08, -2.73102807e-09, 1, -1, 2.97724364e-05, -1.64343952e-08)] = 'Structure',[2] = 'ChopSaw'},
{[CFrame.new(-24.2584229, 80.3000259, 23.1007843, -0.207940727, -0.978141665, -5.53696733e-09, -6.02761618e-09, -4.3792987e-09, 1, -0.978145003, 0.207941219, -4.98519137e-09)] = 'Structure',[2] = 'ChopSaw'},
{[CFrame.new(-33.0062866, 80.2999954, 3.83940125, 0.406709611, -0.913557529, -9.30361566e-09, -2.8119527e-07, -1.35370101e-07, 1, -0.913557529, -0.406709611, -3.11944177e-07)] = 'Structure',[2] = 'ChopSaw'},
{[CFrame.new(-24.5983276, 80.3000488, -22.7060547, 0.951047957, -0.309043258, 1.50395778e-07, -1.87462646e-07, -9.02469139e-08, 1, -0.309043288, -0.951047957, -1.43763216e-07)] = 'Structure',[2] = 'ChopSaw'},
{[CFrame.new(-33.0593262, 80.3000183, -3.31637573, 0.587761641, -0.809034765, -3.725251e-09, 2.18964868e-09, -3.01379277e-09, 1, -0.809034824, -0.587761521, 1.10037583e-13)] = 'Structure',[2] = 'ChopSaw'},
{[CFrame.new(-28.7616272, 80.3000183, -16.8855896, 0.866010666, -0.50002563, 0, 0, 0, 1, -0.50002563, -0.866010666, 0)] = 'Structure',[2] = 'ChopSaw'},
{[CFrame.new(-31.6236877, 80.3000107, -10.3268738, 0.743125677, -0.669153214, -3.09811465e-09, 1.20554446e-08, 8.75823769e-09, 1, -0.669153214, -0.743125677, 1.45753889e-08)] = 'Structure',[2] = 'ChopSaw'},
{[CFrame.new(-31.4667053, 80.3000107, 10.8276215, 0.207882226, -0.978153884, 2.46578082e-08, 2.68636882e-07, 8.23005877e-08, 1, -0.978153884, -0.207882226, 2.79877014e-07)] = 'Structure',[2] = 'ChopSaw'},
{[CFrame.new(-40.8629456, 80.2999878, 0.342773438, 0.587761343, -0.809034526, -9.30390698e-09, -2.46906097e-07, -1.90875809e-07, 1, -0.809034526, -0.587761343, -3.11943666e-07)] = 'Structure',[2] = 'ChopSaw'},
{[CFrame.new(-33.062561, 80.3000183, -24.332489, 0.951047778, -0.309045255, 0, 0, 0, 1, -0.309045255, -0.951047778, 0)] = 'Structure',[2] = 'ChopSaw'},
{[CFrame.new(-27.2569885, 80.3000565, -30.884491, 0.994518876, -0.10455589, 1.50395806e-07, -1.64602682e-07, -1.27250445e-07, 1, -0.104555979, -0.994518816, -1.43763216e-07)] = 'Structure',[2] = 'ChopSaw'},
{[CFrame.new(-37.1071777, 80.2999878, 17.3443451, 0.207882583, -0.978153825, -2.7315179e-09, -1.55075313e-08, -6.08826856e-09, 1, -0.978153825, -0.207882583, -1.64343934e-08)] = 'Structure',[2] = 'ChopSaw'},
{[CFrame.new(-32.6698608, 80.3000259, 24.8899994, -2.60916568e-05, -1, -5.53691937e-09, -4.98539832e-09, -5.53678925e-09, 1, -1, 2.60916568e-05, -4.98525399e-09)] = 'Structure',[2] = 'ChopSaw'},
{[CFrame.new(-39.8788452, 80.3000107, 9.04090881, 0.406709135, -0.913557827, 2.46578189e-08, 2.45655315e-07, 1.36354899e-07, 1, -0.913557827, -0.406709135, 2.79877014e-07)] = 'Structure',[2] = 'ChopSaw'},
{[CFrame.new(-37.3789978, 80.3000183, -16.7168274, 0.866010547, -0.50002563, -3.09806336e-09, 9.97101957e-09, 1.10733227e-08, 1, -0.50002563, -0.866010547, 1.45753818e-08)] = 'Structure',[2] = 'ChopSaw'},
{[CFrame.new(-40.0173645, 80.3000183, -8.37008667, 0.743127942, -0.669154704, -3.725251e-09, 2.76841194e-09, -2.49268695e-09, 1, -0.669154942, -0.743127108, 1.0942654e-13)] = 'Structure',[2] = 'ChopSaw'},
{[CFrame.new(-45.7726135, 80.3000183, -14.7599792, 0.866011202, -0.500024617, -3.72525077e-09, 3.22616578e-09, -1.86261828e-09, 1, -0.500024617, -0.866011262, 1.1391227e-13)] = 'Structure',[2] = 'ChopSaw'},
{[CFrame.new(-28.157135, 80.3000641, -39.4370117, 0.994524002, 0.104501136, 1.50396062e-07, -1.34548557e-07, -1.58692345e-07, 1, 0.104500592, -0.994523466, -1.43763231e-07)] = 'Structure',[2] = 'ChopSaw'},
{[CFrame.new(-41.2694397, 80.3000259, 24.8912506, 0.207886174, -0.97815305, -5.53691937e-09, -3.72529252e-09, -6.45231957e-09, 1, -0.97815305, -0.207886174, -4.98525399e-09)] = 'Structure',[2] = 'ChopSaw'},
{[CFrame.new(-41.6799316, 80.3000183, -24.1637268, 0.951047003, -0.309045076, -3.09806403e-09, 7.4508506e-09, 1.29044295e-08, 1, -0.309045076, -0.951047003, 1.45753836e-08)] = 'Structure',[2] = 'ChopSaw'},
{[CFrame.new(-35.7212219, 80.3000183, -32.5108948, 0.994521677, -0.10455817, 0, 0, 0, 1, -0.10455817, -0.994521677, 0)] = 'Structure',[2] = 'ChopSaw'},
{[CFrame.new(-47.8209839, 80.2999878, -4.7109375, 0.743125677, -0.669153214, -9.30660171e-09, -2.01829593e-07, -2.38040187e-07, 1, -0.669153214, -0.743125677, -3.11940425e-07)] = 'Structure',[2] = 'ChopSaw'},
{[CFrame.new(-47.7356567, 80.3000107, 5.54420471, 0.587761283, -0.809035361, 2.46578722e-08, 2.11937703e-07, 1.84450002e-07, 1, -0.809035361, -0.587761283, 2.79876872e-07)] = 'Structure',[2] = 'ChopSaw'},
{[CFrame.new(-45.5192261, 80.2999802, 15.5576477, 0.406709641, -0.913557887, -2.73152123e-09, -1.39028433e-08, -9.17942344e-09, 1, -0.913557887, -0.406709641, -1.64343881e-08)] = 'Structure',[2] = 'ChopSaw'},
{[CFrame.new(-50.0734863, 80.3000183, -22.2069092, 0.951047838, -0.309044063, -3.72525144e-09, 3.54292617e-09, -1.15115761e-09, 1, -0.309044093, -0.951048195, 1.13520521e-13)] = 'Structure',[2] = 'ChopSaw'},
{[CFrame.new(-49.6814575, 80.3000259, 23.1045227, 0.406712949, -0.913556457, -5.53691981e-09, -2.30237429e-09, -7.08585501e-09, 1, -0.913556457, -0.406712949, -4.98525399e-09)] = 'Structure',[2] = 'ChopSaw'},
{[CFrame.new(-27.2594604, 80.3000565, -47.9897766, 0.95106411, 0.308989018, 1.50394854e-07, -9.86128157e-08, -1.83197969e-07, 1, 0.308988154, -0.951062918, -1.43763231e-07)] = 'Structure',[2] = 'ChopSaw'},
{[CFrame.new(-53.375946, 80.2999725, 12.0610352, 0.587762713, -0.809036613, -2.73155587e-09, -1.16905916e-08, -1.18694103e-08, 1, -0.809036613, -0.587762713, -1.64343614e-08)] = 'Structure',[2] = 'ChopSaw'},
{[CFrame.new(-44.3386536, 80.3000183, -32.3421631, 0.994516313, -0.104557708, -3.09807557e-09, 4.60502747e-09, 1.41715137e-08, 1, -0.104557708, -0.994516313, 1.45753978e-08)] = 'Structure',[2] = 'ChopSaw'},
{[CFrame.new(-36.6213684, 80.3000183, -41.0632629, 0.994525075, 0.104499094, 0, 0, 0, 1, 0.104499094, -0.994525075, 0)] = 'Structure',[2] = 'ChopSaw'},
{[CFrame.new(-53.5762024, 80.2999725, -11.1008606, 0.866010547, -0.50002563, -9.27814181e-09, -1.47956541e-07, -2.74806041e-07, 1, -0.50002563, -0.866010547, -3.11967028e-07)] = 'Structure',[2] = 'ChopSaw'},
{[CFrame.new(-54.6937866, 80.3000107, 0.490432739, 0.743124604, -0.669153035, 2.46572025e-08, 1.68957982e-07, 2.24483827e-07, 1, -0.669153035, -0.743124604, 2.79878208e-07)] = 'Structure',[2] = 'ChopSaw'},
{[CFrame.new(-35.7237244, 80.3000183, -49.6159668, 0.951066375, 0.308989108, 0, 0, 0, 1, 0.308989108, -0.951066375, 0)] = 'Structure',[2] = 'ChopSaw'},
{[CFrame.new(-60.4490356, 80.3000183, -5.89961243, 0.866010308, -0.500026166, 2.46572043e-08, 1.18593057e-07, 2.54706663e-07, 1, -0.500026166, -0.866010308, 2.79878208e-07)] = 'Structure',[2] = 'ChopSaw'},
{[CFrame.new(-60.3340454, 80.2999649, 7.0072937, 0.743124962, -0.669152737, -2.73121215e-09, -8.96760799e-09, -1.40405403e-08, 1, -0.669152737, -0.743124962, -1.64345728e-08)] = 'Structure',[2] = 'ChopSaw'},
{[CFrame.new(-57.8771667, 80.2999649, -18.5477905, 0.951047003, -0.309045076, -9.27813915e-09, -8.75879351e-08, -2.99562686e-07, 1, -0.309045076, -0.951047003, -3.11967057e-07)] = 'Structure',[2] = 'ChopSaw'},
{[CFrame.new(-24.6032104, 80.3000565, -56.1690369, 0.866042137, 0.499971002, 1.50390093e-07, -5.83661084e-08, -1.99696743e-07, 1, 0.499971002, -0.866042137, -1.43764439e-07)] = 'Structure',[2] = 'ChopSaw'},
{[CFrame.new(-57.5380859, 80.3000259, 19.6078491, 0.587765813, -0.809034646, -5.53692336e-09, -7.78832665e-10, -7.40971728e-09, 1, -0.809034646, -0.587765813, -4.98525488e-09)] = 'Structure',[2] = 'ChopSaw'},
{[CFrame.new(-52.7321472, 80.3000183, -30.3852539, 0.99451977, -0.104556561, -3.72525588e-09, 3.70484265e-09, -3.89381971e-10, 1, -0.104557231, -0.994522214, 1.10155395e-13)] = 'Structure',[2] = 'ChopSaw'},
{[CFrame.new(-45.2388306, 80.3000183, -40.8946228, 0.994520128, 0.104498461, -3.09801762e-09, 1.55788171e-09, 1.48191486e-08, 1, 0.104498461, -0.994520128, 1.45753392e-08)] = 'Structure',[2] = 'ChopSaw'},
{[CFrame.new(-64.4961548, 80.3000259, 14.5541382, 0.743127406, -0.669150054, -5.53689183e-09, 7.78742182e-10, -7.40968042e-09, 1, -0.669150054, -0.743127406, -4.98524066e-09)] = 'Structure',[2] = 'ChopSaw'},
{[CFrame.new(-64.749939, 80.3000336, -13.3465881, 0.951047242, -0.309045732, 2.46572789e-08, 6.30451069e-08, 2.7379761e-07, 1, -0.309045732, -0.951047242, 2.79878208e-07)] = 'Structure',[2] = 'ChopSaw'},
{[CFrame.new(-60.5358582, 80.2999649, -26.7261963, 0.994516313, -0.104557708, -9.27815336e-09, -2.33912978e-08, -3.11226415e-07, 1, -0.104557708, -0.994516313, -3.11967085e-07)] = 'Structure',[2] = 'ChopSaw'},
{[CFrame.new(-53.6323547, 80.3000183, -38.9377136, 0.994525135, 0.104497552, -3.72522013e-09, 3.70480979e-09, 3.89421106e-10, 1, 0.104497552, -0.994525135, 1.45518675e-13)] = 'Structure',[2] = 'ChopSaw'},
{[CFrame.new(-33.0675049, 80.3000183, -57.7951965, 0.86604023, 0.4999744, 0, 0, 0, 1, 0.4999744, -0.86604023, 0)] = 'Structure',[2] = 'ChopSaw'},
{[CFrame.new(-60.0409241, 80.3000183, 27.8556976, 0.587761283, -0.809034586, -1.98586871e-08, 9.35765065e-09, -1.77478618e-08, 1, -0.809034586, -0.587761283, -2.86083934e-09)] = 'Structure',[2] = 'ChopSaw'},
{[CFrame.new(-44.341217, 80.3000183, -49.4473572, 0.95106566, 0.30898881, -3.09773296e-09, -1.55741953e-09, 1.48191166e-08, 1, 0.30898881, -0.95106566, 1.45751784e-08)] = 'Structure',[2] = 'ChopSaw'},
{[CFrame.new(-66.0893555, 80.2999573, 0.617279053, 0.866010904, -0.500025988, -2.73121326e-09, -5.8524563e-09, -1.55982001e-08, 1, -0.500025988, -0.866010904, -1.64345693e-08)] = 'Structure',[2] = 'ChopSaw'},
{[CFrame.new(-52.7348022, 80.3000183, -47.4904785, 0.951066136, 0.308987439, -3.72522035e-09, 3.5428851e-09, 1.15118459e-09, 1, 0.308987439, -0.951066136, 1.45384843e-13)] = 'Structure',[2] = 'ChopSaw'},
{[CFrame.new(-67.4086609, 80.3000412, -21.5250549, 0.994519174, -0.104558527, 2.4657826e-08, 4.74223594e-09, 2.80922308e-07, 1, -0.104558527, -0.994519174, 2.79878179e-07)] = 'Structure',[2] = 'ChopSaw'},
{[CFrame.new(-61.4360046, 80.2999649, -35.278595, 0.994520128, 0.104498461, -9.27813382e-09, 4.1827338e-08, -3.09287856e-07, 1, 0.104498461, -0.994520128, -3.11967e-07)] = 'Structure',[2] = 'ChopSaw'},
{[CFrame.new(-41.6849976, 80.3000183, -57.6265259, 0.866040111, 0.49997431, -3.09773385e-09, -4.60445415e-09, 1.41714764e-08, 1, 0.49997431, -0.866040111, 1.45751793e-08)] = 'Structure',[2] = 'ChopSaw'},
{[CFrame.new(-66.9988708, 80.3000183, 22.802002, 0.743125677, -0.669153333, -1.98586712e-08, 1.2843163e-08, -1.54144963e-08, 1, -0.669153333, -0.743125677, -2.86082646e-09)] = 'Structure',[2] = 'ChopSaw'},
{[CFrame.new(-70.3903809, 80.2999496, -6.82965088, 0.951050341, -0.309046328, -2.73122081e-09, -2.48153942e-09, -1.64741998e-08, 1, -0.309046328, -0.951050341, -1.64345479e-08)] = 'Structure',[2] = 'ChopSaw'},
{[CFrame.new(-28.7687683, 80.3000183, -65.2434692, 0.743164778, 0.669108868, 0, 0, 0, 1, 0.669108868, -0.743164778, 0)] = 'Structure',[2] = 'ChopSaw'},
{[CFrame.new(-70.2513733, 80.3000259, 8.16416931, 0.866012812, -0.500022888, -5.53689183e-09, 2.30228525e-09, -7.08585457e-09, 1, -0.500022888, -0.866012812, -4.98524066e-09)] = 'Structure',[2] = 'ChopSaw'},
{[CFrame.new(-37.386261, 80.3000183, -65.0746765, 0.743164062, 0.669108093, -3.0977374e-09, -7.45024931e-09, 1.29044668e-08, 1, 0.669108093, -0.743164062, 1.45751784e-08)] = 'Structure',[2] = 'ChopSaw'},
{[CFrame.new(-50.0785522, 80.3000183, -55.6696167, 0.866040945, 0.499973148, -3.72522235e-09, 3.22611737e-09, 1.86263616e-09, 1, 0.499973148, -0.866040945, 1.43999396e-13)] = 'Structure',[2] = 'ChopSaw'},
{[CFrame.new(-73.0490112, 80.299942, -15.0080872, 0.994518816, -0.104558118, -2.73112644e-09, 9.97771088e-10, -1.6630219e-08, 1, -0.104558125, -0.994518816, -1.6434738e-08)] = 'Structure',[2] = 'ChopSaw'},
{[CFrame.new(-74.5523071, 80.3000259, 0.717254639, 0.95105207, -0.30904296, -5.53689095e-09, 3.72522035e-09, -6.45235998e-09, 1, -0.30904296, -0.95105207, -4.98524155e-09)] = 'Structure',[2] = 'ChopSaw'},
{[CFrame.new(-60.5383911, 80.2999573, -43.8312683, 0.95106566, 0.30898881, -9.27809918e-09, 1.05218326e-07, -2.93834063e-07, 1, 0.30898881, -0.95106566, -3.11966801e-07)] = 'Structure',[2] = 'ChopSaw'},
{[CFrame.new(-68.3088684, 80.3000488, -30.0776062, 0.994527996, 0.104498774, 2.46615812e-08, -5.37647651e-08, 2.75769878e-07, 1, 0.104498774, -0.994527996, 2.79878861e-07)] = 'Structure',[2] = 'ChopSaw'},
{[CFrame.new(-72.7540894, 80.3000183, 16.4121094, 0.866010547, -0.50002569, -1.98587937e-08, 1.57673643e-08, -1.24075399e-08, 1, -0.50002569, -0.866010547, -2.8609739e-09)] = 'Structure',[2] = 'ChopSaw'},
{[CFrame.new(-77.210968, 80.3000259, -7.46118164, 0.994519174, -0.104554415, -5.53690116e-09, 4.98532593e-09, -5.53681945e-09, 1, -0.104554422, -0.994519174, -4.98523489e-09)] = 'Structure',[2] = 'ChopSaw'},
{[CFrame.new(-67.4112549, 80.3000488, -38.6304016, 0.951065898, 0.308988303, 2.46278589e-08, -1.09898735e-07, 2.58563432e-07, 1, 0.308988333, -0.951065898, 2.7986826e-07)] = 'Structure',[2] = 'ChopSaw'},
{[CFrame.new(-73.486969, 80.2999344, 24.9997253, 0.866010904, -0.500025988, -5.82345194e-08, 4.09724485e-08, -4.55015829e-08, 1, -0.500025988, -0.866010904, -1.89175609e-08)] = 'Structure',[2] = 'ChopSaw'},
{[CFrame.new(-77.0550232, 80.3000183, 8.96517944, 0.951047122, -0.309045076, -1.98587955e-08, 1.80024795e-08, -8.85818174e-09, 1, -0.309045076, -0.951047122, -2.86097568e-09)] = 'Structure',[2] = 'ChopSaw'},
{[CFrame.new(-73.9491272, 80.2999344, -23.5605469, 0.994525433, 0.1044989, -2.73112732e-09, 4.43358505e-09, -1.60593707e-08, 1, 0.104498833, -0.994525373, -1.64347345e-08)] = 'Structure',[2] = 'ChopSaw'},
{[CFrame.new(-31.6329041, 80.3000183, -71.4663696, 0.587809265, 0.808999598, -3.09771098e-09, -9.97046179e-09, 1.10734808e-08, 1, 0.808999598, -0.587809265, 1.45751926e-08)] = 'Structure',[2] = 'ChopSaw'},
{[CFrame.new(-45.7798157, 80.3000183, -63.1178284, 0.743165791, 0.669107795, -3.72523457e-09, 2.76833867e-09, 2.49268228e-09, 1, 0.669107795, -0.743165791, 1.31861712e-13)] = 'Structure',[2] = 'ChopSaw'},
{[CFrame.new(-57.8821716, 80.2999573, -52.0104675, 0.866040111, 0.49997431, -9.27810895e-09, 1.64010572e-07, -2.65536897e-07, 1, 0.49997431, -0.866040111, -3.11966829e-07)] = 'Structure',[2] = 'ChopSaw'},
{[CFrame.new(-53.5834045, 80.299942, -59.4586487, 0.743164062, 0.669108093, -9.27806987e-09, 2.15634486e-07, -2.25634238e-07, 1, 0.669108093, -0.743164062, -3.11967057e-07)] = 'Structure',[2] = 'ChopSaw'},
{[CFrame.new(-64.7549133, 80.3000565, -46.8097229, 0.866040885, 0.499973983, 2.46278766e-08, -1.61255571e-07, 2.3006406e-07, 1, 0.499974191, -0.866040885, 2.79868289e-07)] = 'Structure',[2] = 'ChopSaw'},
{[CFrame.new(-73.0514832, 80.2999268, -32.1133423, 0.951068461, 0.308989644, -2.73113931e-09, 7.67564501e-09, -1.47867034e-08, 1, 0.308989376, -0.951068103, -1.64347043e-08)] = 'Structure',[2] = 'ChopSaw'},
{[CFrame.new(-24.6763916, 80.3000183, -76.5221558, 0.406763792, 0.913533568, -3.09770853e-09, -1.20548895e-08, 8.75852635e-09, 1, 0.913533568, -0.406763792, 1.45751926e-08)] = 'Structure',[2] = 'ChopSaw'},
{[CFrame.new(-77.7878723, 80.2999268, 17.5528717, 0.951050341, -0.309046328, -5.82345514e-08, 4.9537519e-08, -3.59887018e-08, 1, -0.309046328, -0.951050341, -1.89175609e-08)] = 'Structure',[2] = 'ChopSaw'},
{[CFrame.new(-78.111145, 80.3000259, -16.0136108, 0.994524658, 0.104502559, -5.5369016e-09, 6.02755401e-09, -4.37931957e-09, 1, 0.104502507, -0.994524658, -4.98523445e-09)] = 'Structure',[2] = 'ChopSaw'},
{[CFrame.new(-40.0263977, 80.3000183, -69.5095825, 0.587811589, 0.809000492, -3.72530273e-09, 2.18947016e-09, 3.01378922e-09, 1, 0.809000492, -0.587811589, 3.36154004e-14)] = 'Structure',[2] = 'ChopSaw'},
{[CFrame.new(-79.7137146, 80.3000183, 0.786804199, 0.994517148, -0.104557753, -1.9858799e-08, 1.94507717e-08, -4.92166397e-09, 1, -0.104557753, -0.994517148, -2.86098789e-09)] = 'Structure',[2] = 'ChopSaw'},
{[CFrame.new(-33.0698242, 80.3000183, -74.5653992, 0.406766742, 0.913536787, -3.72502207e-09, 1.51419022e-09, 3.40314821e-09, 1, 0.913536787, -0.406766772, 5.11554774e-13)] = 'Structure',[2] = 'ChopSaw'},
{[CFrame.new(-70.3952332, 80.2999191, -40.2926025, 0.866041005, 0.499973089, -2.7309901e-09, 1.05821876e-08, -1.28679272e-08, 1, 0.499973118, -0.866041005, -1.64349601e-08)] = 'Structure',[2] = 'ChopSaw'},
{[CFrame.new(-60.4560852, 80.3000641, -54.2580566, 0.743167222, 0.669109643, 2.46280401e-08, -2.05565158e-07, 1.91510196e-07, 1, 0.669110954, -0.74316746, 2.79868516e-07)] = 'Structure',[2] = 'ChopSaw'},
{[CFrame.new(-77.2134705, 80.3000259, -24.5663147, 0.951064825, 0.308992475, -5.53690427e-09, 6.80634971e-09, -3.03042613e-09, 1, 0.308992088, -0.951064825, -4.98523089e-09)] = 'Structure',[2] = 'ChopSaw'},
{[CFrame.new(-76.7181702, 80.2999954, 26.1057739, 0.951045573, -0.309050769, -2.42293567e-07, 2.00191607e-07, -1.67940868e-07, 1, -0.309050769, -0.951045573, -9.7850041e-08)] = 'Structure',[2] = 'ChopSaw'},
{[CFrame.new(-47.8299866, 80.2999344, -65.8503418, 0.587809265, 0.808999598, -9.27866228e-09, 2.57833591e-07, -1.75869459e-07, 1, 0.808999598, -0.587809265, -3.11964953e-07)] = 'Structure',[2] = 'ChopSaw'},
{[CFrame.new(-80.6138916, 80.3000183, -7.765625, 0.994521737, 0.104498677, -1.98587902e-08, 2.00489509e-08, -7.69982633e-10, 1, 0.10449867, -0.994521737, -2.86093105e-09)] = 'Structure',[2] = 'ChopSaw'},
{[CFrame.new(-80.4466248, 80.2999191, 9.37451172, 0.994518816, -0.104558118, -5.82342672e-08, 5.59370967e-08, -2.49026808e-08, 1, -0.104558125, -0.994518816, -1.89175058e-08)] = 'Structure',[2] = 'ChopSaw'},
{[CFrame.new(-74.5571594, 80.3000259, -32.7455139, 0.866040468, 0.499979824, -5.5369247e-09, 7.28767802e-09, -1.54910995e-09, 1, 0.499977052, -0.866039932, -4.98520736e-09)] = 'Structure',[2] = 'ChopSaw'},
{[CFrame.new(-40.8733826, 80.2999268, -70.9060974, 0.406763792, 0.913533568, -9.27870225e-09, 2.88764596e-07, -1.18419685e-07, 1, 0.913533568, -0.406763792, -3.11965039e-07)] = 'Structure',[2] = 'ChopSaw'},
{[CFrame.new(-79.3768921, 80.3000031, 17.9274902, 0.99451834, -0.104563758, -2.42293481e-07, 2.30733875e-07, -1.226488e-07, 1, -0.104563758, -0.99451834, -9.78500196e-08)] = 'Structure',[2] = 'ChopSaw'},
{[CFrame.new(-25.2140503, 80.3000183, -78.0644531, 0.207942009, 0.978141189, -3.72442988e-09, 7.71871123e-10, 3.64356989e-09, 1, 0.978141129, -0.207942039, 2.65233105e-12)] = 'Structure',[2] = 'ChopSaw'},
{[CFrame.new(-81.3468018, 80.2999115, 0.822067261, 0.994525433, 0.1044989, -5.82342601e-08, 5.98923222e-08, -1.27285187e-08, 1, 0.104498833, -0.994525373, -1.89175076e-08)] = 'Structure',[2] = 'ChopSaw'},
{[CFrame.new(-66.096405, 80.2999115, -47.7409058, 0.74316591, 0.669107735, -2.73098966e-09, 1.30263373e-08, -1.03865716e-08, 1, 0.669107795, -0.74316591, -1.64349654e-08)] = 'Structure',[2] = 'ChopSaw'},
{[CFrame.new(-79.716217, 80.3000183, -16.3182068, 0.95106566, 0.308988899, -1.98588133e-08, 1.97709582e-08, 3.41544104e-09, 1, 0.308988899, -0.951065719, -2.86069768e-09)] = 'Structure',[2] = 'ChopSaw'},
{[CFrame.new(-54.7026672, 80.3000717, -60.6498108, 0.587806642, 0.809001446, 2.46267078e-08, -2.40887857e-07, 1.44584121e-07, 1, 0.809001505, -0.587806642, 2.79866128e-07)] = 'Structure',[2] = 'ChopSaw'},
{[CFrame.new(-80.4492798, 80.2999039, -7.73068237, 0.951068461, 0.308989644, -5.8234221e-08, 6.12301321e-08, 1.97466522e-12, 1, 0.308989376, -0.951068103, -1.89175147e-08)] = 'Structure',[2] = 'ChopSaw'},
{[CFrame.new(-77.0599976, 80.3000183, -24.4972839, 0.86604017, 0.499974549, -1.98588186e-08, 1.86288016e-08, 7.45141904e-09, 1, 0.499974549, -0.866040528, -2.86069923e-09)] = 'Structure',[2] = 'ChopSaw'},
{[CFrame.new(-60.3428955, 80.2999039, -54.1326904, 0.587812066, 0.809000731, -2.73097545e-09, 1.49011932e-08, -7.45126627e-09, 1, 0.809001088, -0.587811947, -1.6434992e-08)] = 'Structure',[2] = 'ChopSaw'},
{[CFrame.new(-70.2583618, 80.3000259, -40.1937561, 0.743170679, 0.669111729, -5.53681989e-09, 7.45048068e-09, -3.16189051e-13, 1, 0.669106603, -0.743168473, -4.98530817e-09)] = 'Structure',[2] = 'ChopSaw'},
{[CFrame.new(-80.2770691, 80.3000107, 9.37509155, 0.994526803, 0.104493313, -2.42293055e-07, 2.51192574e-07, -7.19965669e-08, 1, 0.104493313, -0.994526803, -9.78498491e-08)] = 'Structure',[2] = 'ChopSaw'},
{[CFrame.new(-76.5545654, 80.3000336, 26.06987, 0.994518995, -0.104559213, -2.24192576e-09, 1.86261184e-09, -3.7253729e-09, 1, -0.104559213, -0.994518995, -3.51020013e-09)] = 'Structure',[2] = 'ChopSaw'},
{[CFrame.new(-33.0176392, 80.2999191, -74.4050903, 0.207940936, 0.978142619, -9.27884969e-09, 3.07075084e-07, -5.57944908e-08, 1, 0.978142619, -0.207940936, -3.11965522e-07)] = 'Structure',[2] = 'ChopSaw'},
{[CFrame.new(-47.7459717, 80.3000717, -65.705719, 0.406760871, 0.913534641, 2.46266758e-08, -2.6568469e-07, 9.13412208e-08, 1, 0.913535118, -0.406760871, 2.79866128e-07)] = 'Structure',[2] = 'ChopSaw'},
{[CFrame.new(-77.454834, 80.3000336, 17.5174713, 0.994527519, 0.104498006, -2.24193153e-09, 2.59645638e-09, -3.2567069e-09, 1, 0.104498006, -0.994527519, -3.5102059e-09)] = 'Structure',[2] = 'ChopSaw'},
{[CFrame.new(-79.3795471, 80.3000183, 0.822418213, 0.951069713, 0.308984011, -2.42294874e-07, 2.6067562e-07, -1.81982287e-08, 1, 0.308984011, -0.951069713, -9.7850787e-08)] = 'Structure',[2] = 'ChopSaw'},
{[CFrame.new(-64.5050049, 80.3000259, -46.5855408, 0.587826014, 0.808987439, -5.53631407e-09, 7.28767091e-09, 1.54814839e-09, 1, 0.808987439, -0.587825954, -4.98559194e-09)] = 'Structure',[2] = 'ChopSaw'},
{[CFrame.new(-53.3862305, 80.2998962, -59.1885986, 0.406764686, 0.913532972, -2.73111644e-09, 1.61246234e-08, -4.19011759e-09, 1, 0.913532972, -0.406764686, -1.64347664e-08)] = 'Structure',[2] = 'ChopSaw'},
{[CFrame.new(-39.8900757, 80.3000717, -69.2047424, 0.207937554, 0.978141725, 2.46265515e-08, -2.78870374e-07, 3.41062574e-08, 1, 0.978145182, -0.20793809, 2.79866185e-07)] = 'Structure',[2] = 'ChopSaw'},
{[CFrame.new(-72.761261, 80.3000183, -31.9453735, 0.74316448, 0.669109941, -1.9858847e-08, 1.66724519e-08, 1.11617391e-08, 1, 0.669109464, -0.743166924, -2.86071145e-09)] = 'Structure',[2] = 'ChopSaw'},
{[CFrame.new(-77.7930603, 80.2998962, -15.9098511, 0.866041005, 0.499973089, -5.82346331e-08, 5.98918248e-08, 1.27324142e-08, 1, 0.499973118, -0.866041005, -1.8917504e-08)] = 'Structure',[2] = 'ChopSaw'},
{[CFrame.new(-73.4943237, 80.2998886, -23.3580933, 0.74316591, 0.669107735, -5.82346367e-08, 5.59358497e-08, 2.49063916e-08, 1, 0.669107795, -0.74316591, -1.89174969e-08)] = 'Structure',[2] = 'ChopSaw'},
{[CFrame.new(-45.5304565, 80.2998886, -62.6876526, 0.207941711, 0.978141248, -2.73111511e-09, 1.66434422e-08, -7.46055662e-10, 1, 0.978141248, -0.207941711, -1.64347629e-08)] = 'Structure',[2] = 'ChopSaw'},
{[CFrame.new(-67.0079651, 80.3000183, -38.3370361, 0.587805152, 0.809002519, -1.98585948e-08, 1.39871936e-08, 1.43841952e-08, 1, 0.809002459, -0.587805152, -2.86057111e-09)] = 'Structure',[2] = 'ChopSaw'},
{[CFrame.new(-76.7233887, 80.3000259, -7.35671997, 0.866047263, 0.499971718, -2.42298029e-07, 2.58769433e-07, 3.63953987e-08, 1, 0.499971718, -0.866047263, -9.78533876e-08)] = 'Structure',[2] = 'ChopSaw'},
{[CFrame.new(-72.9998169, 80.3000183, 24.896698, 0.994525611, 0.104493424, 1.54119153e-08, -1.39856535e-08, -1.43820067e-08, 1, 0.104493424, -0.994525671, -1.28418627e-08)] = 'Structure',[2] = 'ChopSaw'},
{[CFrame.new(-57.5484009, 80.3000259, -51.6415405, 0.406782925, 0.913525105, -5.53631363e-09, 6.80654288e-09, 3.02951153e-09, 1, 0.913525283, -0.406782508, -4.98559194e-09)] = 'Structure',[2] = 'ChopSaw'},
{[CFrame.new(-76.5572205, 80.3000336, 8.96473694, 0.951070666, 0.308989108, -2.24190622e-09, 3.21678573e-09, -2.64567657e-09, 1, 0.308989108, -0.951070666, -3.51017548e-09)] = 'Structure',[2] = 'ChopSaw'},
{[CFrame.new(-31.4784546, 80.3000717, -70.993988, 2.27836717e-05, 1, 2.46278145e-08, -2.79866015e-07, -2.46214373e-08, 1, 1, -2.27836717e-05, 2.79865446e-07)] = 'Structure',[2] = 'ChopSaw'},
{[CFrame.new(-72.1022644, 80.3000183, 16.3440552, 0.951067746, 0.308983684, 1.54119171e-08, -1.0689849e-08, -1.69755161e-08, 1, 0.308983594, -0.951068163, -1.284186e-08)] = 'Structure',[2] = 'ChopSaw'},
{[CFrame.new(-37.1188354, 80.299881, -64.4768982, 3.06814909e-05, 1, -2.73111267e-09, 1.64348908e-08, 2.7306164e-09, 1, 1, -3.06814909e-05, -1.64347309e-08)] = 'Structure',[2] = 'ChopSaw'},
{[CFrame.new(-67.7409058, 80.299881, -29.7498779, 0.587812066, 0.809000731, -5.8234658e-08, 4.95353376e-08, 3.59918708e-08, 1, 0.809001088, -0.587811947, -1.89174472e-08)] = 'Structure',[2] = 'ChopSaw'},
{[CFrame.new(-73.9009399, 80.3000336, 0.785507202, 0.866040885, 0.499973208, -2.2418376e-09, 3.69644582e-09, -1.91897387e-09, 1, 0.499973238, -0.866040885, -3.51003338e-09)] = 'Structure',[2] = 'ChopSaw'},
{[CFrame.new(-67.1088257, 80.3000183, 31.1872101, 0.994525135, 0.104501136, 1.05043725e-07, -1.1881508e-07, 1.25497309e-07, 1, 0.104501136, -0.994525135, 1.37225129e-07)] = 'Structure',[2] = 'ChopSaw'},
{[CFrame.new(-72.4246826, 80.3000336, -14.8049316, 0.743168533, 0.669104278, -2.42307522e-07, 2.45558368e-07, 8.93975169e-08, 1, 0.669104278, -0.743168533, -9.78667387e-08)] = 'Structure',[2] = 'ChopSaw'},
{[CFrame.new(-49.692688, 80.3000259, -55.140686, 0.207962602, 0.97813791, -5.5363083e-09, 6.02795414e-09, 4.37848069e-09, 1, 0.978139699, -0.20795992, -4.98559061e-09)] = 'Structure',[2] = 'ChopSaw'},
{[CFrame.new(-60.0514526, 80.3000183, -43.3928223, 0.406759083, 0.913535357, -1.98585965e-08, 1.06908971e-08, 1.69779639e-08, 1, 0.913534999, -0.406759024, -2.86057045e-09)] = 'Structure',[2] = 'ChopSaw'},
{[CFrame.new(-60.7842407, 80.2998734, -34.8058167, 0.406764686, 0.913532972, -5.82343844e-08, 4.09697982e-08, 4.55039064e-08, 1, 0.913532972, -0.406764686, -1.89178788e-08)] = 'Structure',[2] = 'ChopSaw'},
{[CFrame.new(-69.6021729, 80.3000336, -6.66271973, 0.743165493, 0.669107676, -2.24183738e-09, 4.01464728e-09, -1.10850618e-09, 1, 0.669107735, -0.743165493, -3.51003271e-09)] = 'Structure',[2] = 'ChopSaw'},
{[CFrame.new(-41.2810669, 80.3000259, -56.9300842, 5.85610942e-05, 1, -5.53635138e-09, 4.98593211e-09, 5.53605961e-09, 1, 1, -5.85610942e-05, -4.98560793e-09)] = 'Structure',[2] = 'ChopSaw'},
{[CFrame.new(-66.2111206, 80.3000183, 22.634552, 0.951067388, 0.308991611, 1.0502643e-07, -1.42330165e-07, 9.80540307e-08, 1, 0.308991611, -0.951067388, 1.37217469e-07)] = 'Structure',[2] = 'ChopSaw'},
{[CFrame.new(-69.4461365, 80.3000183, 8.16493225, 0.866042912, 0.499969691, 1.54119029e-08, -6.92682578e-09, -1.88270928e-08, 1, 0.499969691, -0.866042972, -1.28418662e-08)] = 'Structure',[2] = 'ChopSaw'},
{[CFrame.new(-66.6713562, 80.3000412, -21.1965942, 0.587813914, 0.808996201, -2.4230755e-07, 2.21605504e-07, 1.38498422e-07, 1, 0.808996201, -0.587813914, -9.78667742e-08)] = 'Structure',[2] = 'ChopSaw'},
{[CFrame.new(-52.1957703, 80.3000183, -46.8917847, 0.20793575, 0.978141904, -1.98586072e-08, 6.92735469e-09, 1.88296969e-08, 1, 0.978139341, -0.207935065, -2.86056445e-09)] = 'Structure',[2] = 'ChopSaw'},
{[CFrame.new(-28.519043, 80.2998734, -64.4782104, -0.207881689, 0.978154004, -2.73113665e-09, 1.55082507e-08, 6.08797546e-09, 1, 0.978154004, 0.207881689, -1.64345018e-08)] = 'Structure',[2] = 'ChopSaw'},
{[CFrame.new(-52.9284668, 80.2998657, -38.3048706, 0.207941711, 0.978141248, -5.82343809e-08, 3.0613716e-08, 5.30276409e-08, 1, 0.978141248, -0.207941711, -1.8917877e-08)] = 'Structure',[2] = 'ChopSaw'},
{[CFrame.new(-63.5549011, 80.3000183, 14.4553833, 0.866043448, 0.499978662, 1.05103567e-07, -1.5973859e-07, 6.63291644e-08, 1, 0.499978662, -0.866043448, 1.37258894e-07)] = 'Structure',[2] = 'ChopSaw'},
{[CFrame.new(-65.147522, 80.3000183, 0.71673584, 0.743168354, 0.669104874, 1.54118993e-08, -2.86108404e-09, -1.98558539e-08, 1, 0.669104636, -0.743168533, -1.28418671e-08)] = 'Structure',[2] = 'ChopSaw'},
{[CFrame.new(-59.7148438, 80.3000336, -26.2524414, 0.406768978, 0.913531125, -2.42307721e-07, 1.87967203e-07, 1.81546227e-07, 1, 0.913531125, -0.406768978, -9.78670087e-08)] = 'Structure',[2] = 'ChopSaw'},
{[CFrame.new(-43.7843323, 80.3000183, -48.6809998, 2.83273766e-05, 1, -1.98584988e-08, 2.86117219e-09, 1.98584171e-08, 1, 1, -2.83273766e-05, -2.86060975e-09)] = 'Structure',[2] = 'ChopSaw'},
{[CFrame.new(-59.14151, 80.3001022, 27.5629883, 0.951070309, 0.308986694, 5.49596422e-08, -9.22129928e-08, 1.05970152e-07, 1, 0.308986694, -0.951070309, 1.29278675e-07)] = 'Structure',[2] = 'ChopSaw'},
{[CFrame.new(-32.6811829, 80.3000259, -56.9316101, -0.20785442, 0.978159785, -5.53635093e-09, 3.72596576e-09, 6.45171738e-09, 1, 0.978159785, 0.20785442, -4.98560748e-09)] = 'Structure',[2] = 'ChopSaw'},
{[CFrame.new(-63.8488159, 80.3000336, -13.0544434, 0.587810338, 0.808998883, -2.2418396e-09, 4.15739354e-09, -2.49596011e-10, 1, 0.8089993, -0.587810338, -3.51002671e-09)] = 'Structure',[2] = 'ChopSaw'},
{[CFrame.new(-51.2009277, 80.2998581, 30.9116669, 0.951054394, 0.309016407, -8.73740102e-09, 4.58849003e-09, 1.41527297e-08, 1, 0.309016407, -0.951054394, 1.2042193e-08)] = 'Structure',[2] = 'ChopSaw'},
{[CFrame.new(-56.8922424, 80.3000336, -18.1102905, 0.406765282, 0.91353333, -2.24186203e-09, 4.11847267e-09, 6.20190899e-10, 1, 0.913536072, -0.406765819, -3.50999052e-09)] = 'Structure',[2] = 'ChopSaw'},
{[CFrame.new(-44.5167847, 80.2998657, -40.0941772, 3.06814909e-05, 1, -5.82343596e-08, 1.89196747e-08, 5.82338338e-08, 1, 1, -3.06814909e-05, -1.89178664e-08)] = 'Structure',[2] = 'ChopSaw'},
{[CFrame.new(-35.1847229, 80.3000183, -48.6822815, -0.207883999, 0.978153527, -1.98584988e-08, -1.33014866e-09, 2.00193355e-08, 1, 0.978153527, 0.207883999, -2.86061042e-09)] = 'Structure',[2] = 'ChopSaw'},
{[CFrame.new(-59.3942566, 80.3000183, -5.67495728, 0.587814152, 0.808998644, 1.54118869e-08, 1.32969902e-09, -2.00168682e-08, 1, 0.808996975, -0.587814987, -1.28418574e-08)] = 'Structure',[2] = 'ChopSaw'},
{[CFrame.new(-51.8591614, 80.3000336, -29.7514343, 0.207946375, 0.978140593, -2.42308573e-07, 1.46112285e-07, 2.16659231e-07, 1, 0.978140593, -0.207946375, -9.78687211e-08)] = 'Structure',[2] = 'ChopSaw'},
{[CFrame.new(-56.48526, 80.3001099, 19.3836823, 0.866041958, 0.49997133, 5.49515278e-08, -1.12221279e-07, 8.44784722e-08, 1, 0.49997133, -0.866041958, 1.29269324e-07)] = 'Structure',[2] = 'ChopSaw'},
{[CFrame.new(-59.2561646, 80.3000183, 7.00717163, 0.743163228, 0.669110239, 1.05359e-07, -1.70301135e-07, 3.16876481e-08, 1, 0.669110239, -0.743163228, 1.37499313e-07)] = 'Structure',[2] = 'ChopSaw'},
{[CFrame.new(-53.5028381, 80.3000031, 0.615509033, 0.587807715, 0.809001207, 1.05358986e-07, -1.73167962e-07, -4.41239489e-09, 1, 0.809001207, -0.587807715, 1.37499313e-07)] = 'Structure',[2] = 'ChopSaw'},
{[CFrame.new(-52.1864929, 80.3001175, 11.9353027, 0.743167043, 0.669106007, 5.49515349e-08, -1.27333038e-07, 5.93003087e-08, 1, 0.669106007, -0.743167043, 1.29269324e-07)] = 'Structure',[2] = 'ChopSaw'},
{[CFrame.new(-43.4477539, 80.3000336, -31.5406494, 3.53605064e-05, 1.0000025, -2.42312069e-07, 9.78608057e-08, 2.42300189e-07, 1, 1.0000025, -3.53605064e-05, -9.78815251e-08)] = 'Structure',[2] = 'ChopSaw'},
{[CFrame.new(-52.4378052, 80.3000183, -10.730835, 0.406769127, 0.913531065, 1.54120201e-08, 5.46236079e-09, -1.93030569e-08, 1, 0.913530946, -0.406769156, -1.28419231e-08)] = 'Structure',[2] = 'ChopSaw'},
{[CFrame.new(-48.5445251, 80.2998505, 22.7325897, 0.866021514, 0.499997914, -8.73732642e-09, 1.5456435e-09, 1.47972727e-08, 1, 0.499997914, -0.866021514, 1.20421157e-08)] = 'Structure',[2] = 'ChopSaw'},
{[CFrame.new(-35.9169617, 80.2998657, -40.09552, -0.207881689, 0.978154004, -5.82342139e-08, 6.39880327e-09, 6.08950828e-08, 1, 0.978154004, 0.207881689, -1.89177705e-08)] = 'Structure',[2] = 'ChopSaw'},
{[CFrame.new(-49.0365295, 80.3000336, -21.6092834, 0.207936868, 0.978142321, -2.24161156e-09, 3.89968369e-09, 1.46269497e-09, 1, 0.978142262, -0.207936883, -3.51029739e-09)] = 'Structure',[2] = 'ChopSaw'},
{[CFrame.new(-26.7727356, 80.3000183, -46.8955994, -0.406710923, 0.913557231, -1.98584988e-08, -5.46333956e-09, 1.93053147e-08, 1, 0.913557231, 0.406710923, -2.8606133e-09)] = 'Structure',[2] = 'ChopSaw'},
{[CFrame.new(-46.4331055, 80.3001251, 5.54356384, 0.587812304, 0.808997869, 5.49515846e-08, -1.36879748e-07, 3.15304618e-08, 1, 0.808997869, -0.587812304, 1.29269367e-07)] = 'Structure',[2] = 'ChopSaw'},
{[CFrame.new(-44.2456665, 80.2998428, 15.2846069, 0.743144691, 0.669130862, -8.73695516e-09, -1.56477542e-09, 1.47950301e-08, 1, 0.669130862, -0.743144691, 1.20418857e-08)] = 'Structure',[2] = 'ChopSaw'},
{[CFrame.new(-46.5463257, 80.3000107, -4.44026184, 0.406762898, 0.913537085, 1.0535895e-07, -1.68466954e-07, -4.03197227e-08, 1, 0.913537085, -0.406762898, 1.37499271e-07)] = 'Structure',[2] = 'ChopSaw'},
{[CFrame.new(-44.5822144, 80.3000183, -14.2299194, 0.207946509, 0.978140652, 1.54120219e-08, 9.3563246e-09, -1.77455561e-08, 1, 0.978139937, -0.207946494, -1.28419204e-08)] = 'Structure',[2] = 'ChopSaw'},
{[CFrame.new(-27.5047913, 80.2998581, -38.3087158, -0.406708658, 0.913557947, -5.82332937e-08, -6.4014154e-09, 6.08959638e-08, 1, 0.913557947, 0.406708658, -1.89169125e-08)] = 'Structure',[2] = 'ChopSaw'},
{[CFrame.new(-40.0831299, 80.3000946, 24.3599548, 0.866048455, 0.499960572, 9.57361124e-08, 1.03529629e-08, -2.0942143e-07, 1, 0.499960244, -0.866048992, -1.86545023e-07)] = 'Structure',[2] = 'ChopSaw'},
{[CFrame.new(-40.6250305, 80.3000336, -23.398468, 2.57194042e-05, 1.00000048, -2.24161134e-09, 3.51035423e-09, 2.24152275e-09, 1, 1.00000012, -2.57492138e-05, -3.51029872e-09)] = 'Structure',[2] = 'ChopSaw'},
{[CFrame.new(-34.848114, 80.3000336, -31.5419922, -0.207877114, 0.978154957, -2.42294988e-07, 4.52565665e-08, 2.57324047e-07, 1, 0.978154957, 0.207877114, -9.77597097e-08)] = 'Structure',[2] = 'ChopSaw'},
{[CFrame.new(-39.476532, 80.3001328, 0.487686157, 0.406768024, 0.91353476, 5.49518653e-08, -1.40444172e-07, 2.38271403e-09, 1, 0.91353476, -0.406768024, 1.2926958e-07)] = 'Structure',[2] = 'ChopSaw'},
{[CFrame.new(-38.6906738, 80.3000107, -7.9392395, 0.207938477, 0.978141904, 1.05359156e-07, -1.56402592e-07, -7.4464694e-08, 1, 0.978141904, -0.207938477, 1.37499853e-07)] = 'Structure',[2] = 'ChopSaw'},
{[CFrame.new(-32.0253296, 80.3000336, -23.3996887, -0.20788689, 0.978156328, -2.24160779e-09, 2.96760017e-09, 2.92239455e-09, 1, 0.978153825, 0.207887053, -3.51030582e-09)] = 'Structure',[2] = 'ChopSaw'},
{[CFrame.new(-31.464447, 80.3000107, 24.1921082, 0.866026878, 0.499998987, 0, 0, 0, 1, 0.499998987, -0.866026878, 0)] = 'Structure',[2] = 'ChopSaw'},
{[CFrame.new(-26.4361572, 80.3000336, -29.7552795, -0.406704366, 0.913559854, -2.42294988e-07, -9.23307297e-09, 2.61110273e-07, 1, 0.913559854, 0.406704366, -9.77597097e-08)] = 'Structure',[2] = 'ChopSaw'},
{[CFrame.new(-25.7260742, 80.3000488, 30.4147491, 0.951064765, 0.308992803, -1.32854765e-07, 1.40460983e-07, -2.37081021e-09, 1, 0.308992833, -0.951064706, -4.56561509e-08)] = 'Structure',[2] = 'ChopSaw'},
{[CFrame.new(-35.7843933, 80.3001022, 16.9116058, 0.743175566, 0.669096529, 9.5736219e-08, 5.36678257e-08, -2.02692476e-07, 1, 0.669096589, -0.743175507, -1.86545037e-07)] = 'Structure',[2] = 'ChopSaw'},
{[CFrame.new(-36.1707153, 80.3000183, -16.0192261, 3.59862679e-05, 1.00000334, 1.54120272e-08, 1.28413644e-08, -1.54125175e-08, 1, 0.999998152, -3.51221024e-05, -1.28419044e-08)] = 'Structure',[2] = 'ChopSaw'},
{[CFrame.new(-38.492157, 80.2998352, 8.89311218, 0.587785244, 0.809017539, -8.73695427e-09, -4.60664262e-09, 1.41463934e-08, 1, 0.809017539, -0.587785244, 1.20418848e-08)] = 'Structure',[2] = 'ChopSaw'},
{[CFrame.new(-27.5709534, 80.3000183, -16.0206299, -0.207874998, 0.978155375, 1.54120023e-08, 1.57653002e-08, -1.24057893e-08, 1, 0.978155434, 0.207874998, -1.28420599e-08)] = 'Structure',[2] = 'ChopSaw'},
{[CFrame.new(-31.6207886, 80.3001251, -3.01141357, 0.207944006, 0.978140771, 5.49494885e-08, -1.37867886e-07, -2.68680029e-08, 1, 0.978140771, -0.207944006, 1.29267164e-07)] = 'Structure',[2] = 'ChopSaw'},
{[CFrame.new(-30.0310974, 80.3001099, 10.5197601, 0.587822616, 0.808990002, 9.57361976e-08, 9.46372225e-08, -1.87105002e-07, 1, 0.808990598, -0.587822437, -1.8654508e-07)] = 'Structure',[2] = 'ChopSaw'},
{[CFrame.new(-27.1655273, 80.3000107, 16.7439575, 0.743145883, 0.669129372, 0, 0, 0, 1, 0.669129372, -0.743145883, 0)] = 'Structure',[2] = 'ChopSaw'},
{[CFrame.new(-30.2792053, 80.3000107, -9.72848511, 2.74032354e-05, 1, 1.0535917e-07, -1.37502738e-07, -1.05355383e-07, 1, 1, -2.74032354e-05, 1.37499853e-07)] = 'Structure',[2] = 'ChopSaw'},
{[CFrame.new(-23.0697632, 80.3000488, 22.2351379, 0.866040409, 0.49997896, -1.32854595e-07, 1.3788501e-07, 2.68844538e-08, 1, 0.499979198, -0.866039991, -4.56559732e-08)] = 'Structure',[2] = 'ChopSaw'},
{[CFrame.new(-31.5354919, 80.2998276, 3.83747864, 0.406737536, 0.91354835, -8.73694894e-09, -7.44719397e-09, 1.28795241e-08, 1, 0.91354835, -0.406737536, 1.20418857e-08)] = 'Structure',[2] = 'ChopSaw'},
{[CFrame.new(1.81326294, 80.3000031, 0.00924682617, 0, 1, 0, 0, 0, 1, 1, 0, 0)] = 'Structure',[2] = 'ChopSaw'},
{[CFrame.new(1.7956543, 80.3000183, 0.176574707, -0.207911804, 0.978147864, 0, 0, 0, 1.00000048, 0.978148103, 0.207911745, 0)] = 'Structure',[2] = 'ChopSaw'},
{[CFrame.new(1.74371338, 80.3000183, 0.336608887, -0.406736702, 0.913545489, 0, 0, 0, 1, 0.91354543, 0.406736732, 0)] = 'Structure',[2] = 'ChopSaw'},
{[CFrame.new(1.65957642, 80.3000183, 0.482330322, -0.587784648, 0.80901742, 0, 0, 0, 1, 0.809017479, 0.587784648, 0)] = 'Structure',[2] = 'ChopSaw'},
{[CFrame.new(1.54702759, 80.3000183, 0.607406616, -0.743144155, 0.669130445, 0, 0, 0, 1, 0.669131279, 0.743144393, 0)] = 'Structure',[2] = 'ChopSaw'},
{[CFrame.new(1.41082764, 80.3000183, 0.706375122, -0.866023362, 0.499997079, 0, 0, 0, 1, 0.500002146, 0.866024137, 0)] = 'Structure',[2] = 'ChopSaw'},
{[CFrame.new(1.2571106, 80.3000183, 0.774856567, -0.951050282, 0.309026778, 0, 0, 0, 1, 0.309033245, 0.951050103, 0)] = 'Structure',[2] = 'ChopSaw'},
{[CFrame.new(1.09246826, 80.3000183, 0.809936523, -0.994517624, 0.104569986, 0, 0, 0, 1, 0.104569994, 0.994517505, 0)] = 'Structure',[2] = 'ChopSaw'},
{[CFrame.new(0.924072266, 80.3000183, 0.809967041, -0.994525135, -0.104499012, 0, 0, 0, 1, -0.104499012, 0.994525135, 0)] = 'Structure',[2] = 'ChopSaw'},
