tab = {
{[CFrame.new(-53.8952637, 98.1999741, -26.825592, 3.24553824e-15, 0.406754613, 0.91353792, 1, 0, 3.55271368e-15, -1.44508247e-15, 0.91353792, -0.406754613)] = 'Structure',[2] = 'Bed2'},
{[CFrame.new(-60.7676392, 98.1999664, -22.8576355, 1.46401954e-14, 0.587802589, 0.809007645, 1, -1.42108547e-14, 2.84217094e-14, -2.82030275e-14, 0.809007645, -0.587802589)] = 'Structure',[2] = 'Bed2'},
{[CFrame.new(-54.6055603, 98.1999969, -34.7687378, 2.28579176e-14, 0.406755805, 0.913536966, 1, -5.32906925e-15, -2.26485531e-14, -4.34412663e-15, 0.913536966, -0.406755805)] = 'Structure',[2] = 'Bed2'},
{[CFrame.new(-61.4779663, 98.1999969, -30.8007507, 0, 0.587802529, 0.809005082, 1, 0, 0, 0, 0.809005082, -0.587802529)] = 'Structure',[2] = 'Bed2'},
{[CFrame.new(-53.6490784, 98.2000122, -42.6872559, -1.2181096e-12, 0.406711608, 0.913556695, 1, 1.98951923e-12, 4.47645149e-13, -1.63547572e-12, 0.913556635, -0.406711608)] = 'Structure',[2] = 'Bed2'},
{[CFrame.new(-60.5216064, 98.1999969, -38.7196655, -1.14970467e-14, 0.587764442, 0.809032917, 1, 0, -1.42108547e-14, 8.35263933e-15, 0.809032202, -0.587764859)] = 'Structure',[2] = 'Bed2'},
{[CFrame.new(-67.3752136, 98.1999969, -25.4905701, -5.94295045e-16, 0.74316138, 0.669117212, 1, 0, -8.8817842e-16, 6.60059424e-16, 0.669117212, -0.74316138)] = 'Structure',[2] = 'Bed2'},
{[CFrame.new(-57.9406433, 98.2000351, -46.2645874, 2.49241884e-14, 0.587789118, 0.809010804, 1, 4.97379915e-14, -5.32907052e-15, 4.33709634e-14, 0.809010625, -0.587789297)] = 'Structure',[2] = 'Bed2'},
{[CFrame.new(-66.4190063, 98.1999969, -33.40979, -1.1831588e-13, 0.743127942, 0.669149339, 1, 5.68435612e-14, 1.13687393e-13, 4.64474447e-14, 0.669149339, -0.743127942)] = 'Structure',[2] = 'Bed2'},
{[CFrame.new(-71.0836182, 98.1999969, -26.9898376, -8.3715489e-13, 0.866014898, 0.500018179, 1, 5.4001313e-13, 7.38964066e-13, 3.69937425e-13, 0.500018179, -0.866014957)] = 'Structure',[2] = 'Bed2'},
{[CFrame.new(-63.8378601, 98.2000427, -40.9545593, 2.04861776e-13, 0.743149161, 0.669125855, 1, -3.26848249e-13, 5.68431207e-14, 2.60945508e-13, 0.669125795, -0.743149161)] = 'Structure',[2] = 'Bed2'},
{[CFrame.new(-68.5022278, 98.2000427, -34.5344543, 5.04426253e-13, 0.866028309, 0.499995053, 1, -6.50146712e-13, 1.17239402e-13, 4.26602736e-13, 0.499995083, -0.866028249)] = 'Structure',[2] = 'Bed2'},
{[CFrame.new(-59.7428284, 98.2000351, -47.797821, -3.47538431e-14, 0.743151069, 0.669123709, 1, 3.99680289e-14, 7.54951487e-15, -2.11331248e-14, 0.669123709, -0.743151069)] = 'Structure',[2] = 'Bed2'},
{[CFrame.new(-64.4072571, 98.2000427, -41.377655, 2.22041071e-16, 0.866030097, 0.499992043, 1, 0, 4.4408921e-16, -3.84594621e-16, 0.499992043, -0.866030097)] = 'Structure',[2] = 'Bed2'},
{[CFrame.new(-71.7298889, 98.2000427, -27.2848816, -4.47666823e-15, 0.951058865, 0.30901134, 1, -3.55271368e-15, -3.55271368e-15, 2.28100869e-15, 0.309011549, -0.951058388)] = 'Structure',[2] = 'Bed2'},
{[CFrame.new(-67.6349487, 98.2000427, -34.1279907, 2.63780962e-16, 0.951059997, 0.30900839, 1, -4.4408921e-16, 2.22044605e-15, -2.24900461e-15, 0.30900839, -0.951059997)] = 'Structure',[2] = 'Bed2'},
{[CFrame.new(-58.9801025, 98.2000275, -47.2211304, -2.10994153e-10, 0.866030931, 0.4999924, 1, -2.53638888e-10, 1.73301373e-11, -1.41825912e-10, 0.4999924, -0.866030931)] = 'Structure',[2] = 'Bed2'},
{[CFrame.new(-62.2077637, 98.2000275, -39.9716492, -1.62621683e-09, 0.95106101, 0.309008569, 1, -1.76632753e-09, 1.73670855e-10, -7.1098083e-10, 0.309008569, -0.95106101)] = 'Structure',[2] = 'Bed2'},
{[CFrame.new(-69.2848206, 98.2000427, -26.3656616, -1.08938803e-15, 0.994527757, 0.104519777, 1, -2.77555756e-15, 1.59872116e-14, -1.61898083e-14, 0.104519777, -0.994527757)] = 'Structure',[2] = 'Bed2'},
{[CFrame.new(-55.6832886, 98.2000122, -44.5588989, 4.47666992e-15, 0.951058924, 0.309011787, 1, 3.55271368e-15, 3.55271368e-15, -2.28100933e-15, 0.309011787, -0.951058924)] = 'Structure',[2] = 'Bed2'},
{[CFrame.new(-63.8576355, 98.2000198, -32.2094116, -2.50928259e-15, 0.994523942, 0.104519211, 1, -1.77635684e-15, -7.10542736e-15, 6.88085267e-15, 0.104519211, -0.994523942)] = 'Structure',[2] = 'Bed2'},
{[CFrame.new(-63.8575745, 98.2000122, -24.2736816, -7.88957404e-15, 0.994522631, -0.104538016, 1, -1.46549439e-14, -6.39488462e-14, 6.5130464e-14, -0.104538016, -0.994522631)] = 'Structure',[2] = 'Bed2'},
{[CFrame.new(-57.3331299, 98.2000122, -36.7966614, 9.29458062e-15, 0.99452734, 0.104523323, 1, 7.10542736e-15, 2.13162821e-14, -2.04569197e-14, 0.104523323, -0.99452734)] = 'Structure',[2] = 'Bed2'},
{[CFrame.new(-57.3330994, 98.2000122, -28.8609619, 4.21887324e-14, 0.99452132, -0.104534112, 1, -5.77315905e-14, -1.45661288e-13, -1.50898161e-13, -0.104534112, -0.99452132)] = 'Structure',[2] = 'Bed2'},
{[CFrame.new(-55.6831055, 98.2000122, -21.0987244, -3.54801794e-15, 0.951055229, -0.309022516, 1, -4.88498131e-15, -3.55271368e-15, 4.8883957e-15, -0.309022516, -0.951055229)] = 'Structure',[2] = 'Bed2'},
{[CFrame.new(3.87155151, 98.1999969, 10.7104034, 0, -0.951058209, 0.309025198, 1, 0, 0, 0, 0.309025198, 0.951058209)] = 'Structure',[2] = 'Bed2'},
{[CFrame.new(1.64160156, 98.1999969, 11.5050049, 0, -0.994521201, 0.104535691, 1, 0, 0, 0, 0.104535691, 0.994521201)] = 'Structure',[2] = 'Bed2'},
{[CFrame.new(-0.704711914, 98.1999969, 11.8186188, 0, -0.994523227, -0.104521349, 1, 0, 0, 0, -0.104521297, 0.994523227)] = 'Structure',[2] = 'Bed2'},
{[CFrame.new(-3.06491089, 98.1999969, 11.6375122, 0, -0.951062799, -0.309011549, 1, 0, 0, 0, -0.309011281, 0.951062799)] = 'Structure',[2] = 'Bed2'},
{[CFrame.new(-5.3359375, 98.1999969, 10.9696655, 0, -0.866029561, -0.499992937, 1, 0, 0, 0, -0.499992967, 0.866029501)] = 'Structure',[2] = 'Bed2'},
{[CFrame.new(-7.41848755, 98.1999969, 9.84422302, 0, -0.743150473, -0.669124842, 1, 0, 0, 0, -0.669125021, 0.743150175)] = 'Structure',[2] = 'Bed2'},
{[CFrame.new(-9.22161865, 98.1999969, 8.3104248, 0, -0.587793887, -0.809013486, 1, 0, 0, 0, -0.809014738, 0.58779192)] = 'Structure',[2] = 'Bed2'},
{[CFrame.new(-10.6664429, 98.1999969, 6.43522644, 0, -0.406747013, -0.9135409, 1, 0, 0, 0, -0.9135409, 0.406746984)] = 'Structure',[2] = 'Bed2'},
{[CFrame.new(-11.6897278, 98.1999969, 4.30059814, 0, -0.207922235, -0.97814548, 1, 0, 0, 0, -0.978146017, 0.207922086)] = 'Structure',[2] = 'Bed2'},
{[CFrame.new(-12.2468872, 98.1999969, 1.99986267, 0, -1.08331797e-05, -1.0000006, 1, 0, 0, 0, -1.00000477, 1.04010132e-05)] = 'Structure',[2] = 'Bed2'},
{[CFrame.new(-12.3134766, 98.1999969, -0.366409302, 0, 0.207899109, -0.978150308, 1, 0, 0, 0, -0.978150368, -0.207899123)] = 'Structure',[2] = 'Bed2'},
{[CFrame.new(-11.8866577, 98.1999969, -2.69482422, 0, 0.406725615, -0.913551033, 1, 0, 0, 0, -0.913551569, -0.406725466)] = 'Structure',[2] = 'Bed2'},
{[CFrame.new(-10.9850464, 98.1999969, -4.88363647, 0, 0.587775648, -0.809025168, 1, 0, 0, 0, -0.809026003, -0.58777535)] = 'Structure',[2] = 'Bed2'},
{[CFrame.new(-9.64810181, 98.1999969, -6.83721924, 0, 0.743135691, -0.669140041, 1, 0, 0, 0, -0.66914022, -0.743136466)] = 'Structure',[2] = 'Bed2'},
{[CFrame.new(-7.9342041, 98.1999969, -8.47015381, 0, 0.866015553, -0.500009954, 1, 0, 0, 0, -0.500011683, -0.866020858)] = 'Structure',[2] = 'Bed2'},
{[CFrame.new(-5.91821289, 98.1999969, -9.71109009, 0, 0.951048315, -0.309042424, 1, 0, 0, 0, -0.309042424, -0.951048315)] = 'Structure',[2] = 'Bed2'},
{[CFrame.new(-3.68823242, 98.1999969, -10.5057373, 0, 0.994516909, -0.104576036, 1, 0, 0, 0, -0.104576036, -0.994516909)] = 'Structure',[2] = 'Bed2'},
{[CFrame.new(-1.34176636, 98.1999969, -10.8194275, 0, 0.994526267, 0.104487374, 1, 0, 0, 0, 0.104487337, -0.994526803)] = 'Structure',[2] = 'Bed2'},
{[CFrame.new(1.01861572, 98.1999969, -10.6384583, 0, 0.951069772, 0.308978766, 1, 0, 0, 0, 0.308978021, -0.951073349)] = 'Structure',[2] = 'Bed2'},
{[CFrame.new(3.28973389, 98.1999969, -9.97073364, 0, 0.866044998, 0.499966025, 1, 0, 0, 0, 0.499966025, -0.866044998)] = 'Structure',[2] = 'Bed2'},
{[CFrame.new(-0.00830078125, 98.1999969, 3.74298096, 0, -0.951056898, 0.309024841, 1, 0, 0, 0, 0.309024841, 0.951057732)] = 'Structure',[2] = 'Bed2'},
{[CFrame.new(2.37481689, 98.1999969, 0.536743164, 0, 1.1920929e-07, 1.0000006, 1, 0, 0, 0, 1.00000048, 1.1920929e-07)] = 'Structure',[2] = 'Bed2'},
{[CFrame.new(-3.75073242, 98.1999969, -1.52732849, 0, 0.587772369, -0.809024215, 1, 0, 0, 0, -0.809024215, -0.587776601)] = 'Structure',[2] = 'Bed2'},
{[CFrame.new(1.74795532, 98.1999969, -1.46832275, 0, 0.587817252, 0.808993816, 1, 0, 0, 0, 0.808993757, -0.587817311)] = 'Structure',[2] = 'Bed2'},
{[CFrame.new(1.27841187, 98.1999969, -2.00138855, 0, 0.743171215, 0.669101298, 1, 0, 0, 0, 0.669101298, -0.743171215)] = 'Structure',[2] = 'Bed2'},
{[CFrame.new(-3.79403687, 98.1999969, 2.46736145, 0, -0.587795794, -0.809011102, 1, 0, 0, 0, -0.809013605, 0.587794185)] = 'Structure',[2] = 'Bed2'},
{[CFrame.new(-1.34140015, 98.1999969, -2.8838501, 0, 0.994517565, -0.104569562, 1, 0, 0, 0, -0.104569554, -0.994517624)] = 'Structure',[2] = 'Bed2'},
{[CFrame.new(-0.704711914, 98.1999969, 3.88313293, 0, -0.994521081, 0.104535833, 1, 0, 0, 0, 0.104535833, 0.994521141)] = 'Structure',[2] = 'Bed2'},
{[CFrame.new(2.30822754, 98.1999969, -0.17048645, 0, 0.2079117, 0.978147864, 1.00000024, 0, 0, 0, 0.978147626, -0.207911745)] = 'Structure',[2] = 'Bed2'},
{[CFrame.new(-3.32434082, 98.1999969, 3.00045776, 0, -0.743151486, -0.669123173, 1, 0, 0, 0, -0.669123173, 0.743151486)] = 'Structure',[2] = 'Bed2'},
{[CFrame.new(-2.0380249, 98.1999969, -2.74357605, 0, 0.951043665, -0.30905652, 1, 0, 0, 0, -0.309056342, -0.951044321)] = 'Structure',[2] = 'Bed2'},
{[CFrame.new(-4.35464478, 98.1999969, 1.17027283, 0, -0.207922682, -0.978145301, 1, 0, 0, 0, -0.978145301, 0.207922682)] = 'Structure',[2] = 'Bed2'},
{[CFrame.new(0.643920898, 98.1999969, 3.46099854, 0, -0.866021752, 0.500006318, 1, 0, 0, 0, 0.500006258, 0.866021812)] = 'Structure',[2] = 'Bed2'},
{[CFrame.new(1.22317505, 98.1999969, 3.04971313, 0, -0.743140042, 0.669135928, 1, 0, 0, 0, 0.669135988, 0.743139982)] = 'Structure',[2] = 'Bed2'},
{[CFrame.new(-3.2696228, 98.1999969, -2.0501709, 0, 0.743124068, -0.66915375, 1, 0, 0, 0, -0.66915381, -0.743124008)] = 'Structure',[2] = 'Bed2'},
{[CFrame.new(-4.14257812, 98.2000122, 1.84822083, 0, -0.406746477, -0.913541079, 1, 0, 0, 0, -0.913541079, 0.406746477)] = 'Structure',[2] = 'Bed2'},
{[CFrame.new(-4.33929443, 98.1999969, -0.242660522, 0, 0.20789969, -0.978151917, 1, 0, 0, 0, -0.978153527, -0.2078996)] = 'Structure',[2] = 'Bed2'},
{[CFrame.new(2.2928772, 98.2000122, 1.24246216, 0, -0.20790717, 0.978148639, 1, 0, 0, 0, 0.97814858, 0.20790717)] = 'Structure',[2] = 'Bed2'},
{[CFrame.new(-1.4151001, 98.1999969, 3.87533569, 0, -0.99452281, -0.104520559, 1, 0, 0, 0, -0.104520567, 0.99452281)] = 'Structure',[2] = 'Bed2'},
{[CFrame.new(-0.63092041, 98.1999969, -2.87612915, 0, 0.994526148, 0.10448797, 1, 0, 0, 0, 0.10448797, -0.994526207)] = 'Structure',[2] = 'Bed2'},
{[CFrame.new(2.06600952, 98.1999969, 1.91555786, 0, -0.406729668, 0.913548589, 1, 0, 0, 0, 0.913548529, 0.406729668)] = 'Structure',[2] = 'Bed2'},
{[CFrame.new(0.0623168945, 98.2000122, -2.72099304, 0, 0.95106858, 0.308978885, 1, 0, 0, 0, 0.308979839, -0.951068938)] = 'Structure',[2] = 'Bed2'},
{[CFrame.new(0.708129883, 98.1999969, -2.42506409, 0, 0.866046727, 0.499966681, 1, 0, 0, 0, 0.499967217, -0.866047919)] = 'Structure',[2] = 'Bed2'},
{[CFrame.new(-4.42132568, 98.2000122, 0.462936401, 0, -1.27702924e-05, -1.00000012, 1, 0, 0, 0, -1.00000024, 1.27702915e-05)] = 'Structure',[2] = 'Bed2'},
{[CFrame.new(-2.69036865, 98.1999969, -2.46156311, 0, 0.866003573, -0.500037909, 1, 0, 0, 0, -0.500037968, -0.866003513)] = 'Structure',[2] = 'Bed2'},
{[CFrame.new(1.7041626, 98.2000046, 2.52693176, 0, -0.587780952, 0.809023499, 1, 0, 0, 0, 0.809023261, 0.587780595)] = 'Structure',[2] = 'Bed2'},
{[CFrame.new(-2.1083374, 98.1999969, 3.72016907, 0, -0.951062083, -0.309010088, 1, 0, 0, 0, -0.309009999, 0.951059818)] = 'Structure',[2] = 'Bed2'},
{[CFrame.new(-2.75411987, 98.1999969, 3.42410278, 0, -0.866032898, -0.499994189, 1, 0, 0, 0, -0.499994844, 0.866030455)] = 'Structure',[2] = 'Bed2'},
{[CFrame.new(2.09658813, 98.1999969, -0.849243164, 0, 0.406772703, 0.913529396, 1, 0, 0, 0, 0.913529396, -0.406772733)] = 'Structure',[2] = 'Bed2'},
{[CFrame.new(-4.11248779, 98.1999969, -0.91595459, 0, 0.406722993, -0.913550317, 1, 0, 0, 0, -0.913549423, -0.406726003)] = 'Structure',[2] = 'Bed2'},
{[CFrame.new(-2.35467529, 98.1999969, -3.87902832, 9.20968901e-09, -0.951053917, 0.309025258, 1, -1.42107344e-14, -2.98024254e-08, 2.83437132e-08, 0.309025288, 0.951053858)] = 'Structure',[2] = 'Bed2'},
{[CFrame.new(1.18988037, 98.1999969, 4.50588989, 0, 0.866004109, -0.500037909, 1, 0, 0, 0, -0.500035763, -0.866008639)] = 'Structure',[2] = 'Bed2'},
{[CFrame.new(-5.51702881, 98.2000046, 1.36624146, 2.39581244e-08, 0.207916424, 0.978146613, 1, 7.45055395e-09, -2.60770854e-08, -1.27095898e-08, 0.978146613, -0.207916424)] = 'Structure',[2] = 'Bed2'},
{[CFrame.new(3.43481445, 98.1999969, 1.53617859, 6.23135108e-08, 0.207888827, -0.978152454, 1, -8.94061927e-08, 4.47036186e-08, -7.81595162e-08, -0.978152454, -0.207888812)] = 'Structure',[2] = 'Bed2'},
{[CFrame.new(2.7298584, 98.2000122, -2.11961365, -1.65759104e-08, -0.587793529, -0.809011042, 1, -3.10859482e-15, -2.04890984e-08, 1.20433592e-08, -0.809011042, 0.587793469)] = 'Structure',[2] = 'Bed2'},
{[CFrame.new(-4.67407227, 98.1999969, -2.26017761, 2.41107951e-08, -0.587779343, 0.809021354, 1, -1.7763418e-15, -2.98024254e-08, 1.75172481e-08, 0.809021354, 0.587779343)] = 'Structure',[2] = 'Bed2'},
{[CFrame.new(-1.41516113, 98.1999969, -4.06015015, 1.10414106e-16, -0.994522095, 0.104536265, 1, -1.11022302e-16, 0, -1.16058494e-17, 0.104536213, 0.994521558)] = 'Structure',[2] = 'Bed2'},
{[CFrame.new(2.10324097, 98.1999969, -2.84269714, 1.10311615e-09, -0.743151069, -0.66912365, 1, 1.49011843e-08, -1.49011559e-08, 2.10445457e-08, -0.66912365, 0.743151069)] = 'Structure',[2] = 'Bed2'},
{[CFrame.new(-1.58724976, 98.2000122, 5.04141235, 1.71835275e-08, 0.994525135, 0.104484715, 1, 2.98023544e-08, -1.19209304e-07, 1.21670993e-07, 0.104493544, -0.994527221)] = 'Structure',[2] = 'Bed2'},
{[CFrame.new(-2.51931763, 98.2000046, 4.82467651, -1.51288063e-07, 0.951067269, 0.308983773, 1, 1.63912944e-07, -1.49010599e-08, -6.48183445e-08, 0.308983743, -0.951067388)] = 'Structure',[2] = 'Bed2'},
{[CFrame.new(-5.59912109, 98.2000122, 0.412979126, -2.22044605e-16, 1.66891869e-06, 1, 1, 3.7057439e-22, 2.22044605e-16, 0, 1, -1.6689188e-06)] = 'Structure',[2] = 'Bed2'},
{[CFrame.new(2.62786865, 98.1999969, 3.25961304, 0, 0.587741137, -0.80904901, 1, 0, 0, 0, -0.80904901, -0.587741196)] = 'Structure',[2] = 'Bed2'},
{[CFrame.new(-5.48098755, 98.1999969, -0.5365448, 0, -0.207905978, 0.978148639, 1, 0, 0, 0, 0.978149831, 0.207905859)] = 'Structure',[2] = 'Bed2'},
{[CFrame.new(3.4708252, 98.2000122, -0.366668701, 5.91100036e-16, -0.207924187, -0.978144944, 1, 0, -6.04307186e-16, -1.25650085e-16, -0.978144944, 0.207924187)] = 'Structure',[2] = 'Bed2'},
{[CFrame.new(-0.458465576, 98.1999969, -4.04197693, -1.55745017e-08, -0.994523048, -0.10451778, 1, -1.33225963e-13, -1.49011683e-07, 1.48195525e-07, -0.10451778, 0.994522989)] = 'Structure',[2] = 'Bed2'},
{[CFrame.new(-5.16821289, 98.1999969, -1.44078064, 3.17954267e-08, -0.406731695, 0.913547635, 1, 4.47037678e-08, -1.49012358e-08, -3.47782141e-08, 0.913547635, 0.406731695)] = 'Structure',[2] = 'Bed2'},
{[CFrame.new(-5.23867798, 98.1999969, 2.28164673, 0, 0.40673694, 0.913547516, 1.00000215, 0, 0, 0, 0.913545907, -0.406737566)] = 'Structure',[2] = 'Bed2'},
{[CFrame.new(1.34005737, 98.2000046, -3.4196167, 1.92297258e-16, -0.866029799, -0.499991924, 1, -2.22044605e-16, 0, 1.11020516e-16, -0.499991924, 0.866029799)] = 'Structure',[2] = 'Bed2'},
{[CFrame.new(3.19256592, 98.1999969, -1.28208923, 2.57520433e-18, -0.406746566, -0.913541079, 1, 0, -2.81892565e-18, -1.14658855e-18, -0.913541079, 0.406746626)] = 'Structure',[2] = 'Bed2'},
{[CFrame.new(0.473510742, 98.1999969, -3.82542419, -9.56734159e-09, -0.951059639, -0.309007615, 1, -1.49011878e-08, 1.49011719e-08, -1.87764844e-08, -0.309007585, 0.951059639)] = 'Structure',[2] = 'Bed2'},
{[CFrame.new(-4.77584839, 98.2000122, 3.11891174, 2.84939802e-07, 0.587817252, 0.808993757, 1, 7.45059658e-09, -3.5762875e-07, -2.16247827e-07, 0.808993697, -0.587817311)] = 'Structure',[2] = 'Bed2'},
{[CFrame.new(-4.14916992, 98.1999969, 3.84185791, 7.42852196e-17, 0.743171334, 0.669101954, 1, 0, 1.11022302e-16, -8.25086456e-17, 0.669101298, -0.74317199)] = 'Structure',[2] = 'Bed2'},
{[CFrame.new(-0.630584717, 98.1999969, 5.05953979, -1.85752525e-16, 0.994517744, -0.104569383, 1, 0, 1.77635684e-15, -1.7666184e-15, -0.104569316, -0.994517744)] = 'Structure',[2] = 'Bed2'},
{[CFrame.new(3.55297852, 98.1999969, 0.586776733, -4.4408921e-15, -1.32620553e-05, -1.00000167, 1, 0, 4.4408921e-15, 5.71083556e-20, -1.00000334, 1.27255698e-05)] = 'Structure',[2] = 'Bed2'},
{[CFrame.new(0.308807373, 98.1999969, 4.87834167, -9.21064558e-09, 0.951043606, -0.309056938, 1, 1.7763543e-15, -2.98024219e-08, -2.83433987e-08, -0.309056908, -0.951043606)] = 'Structure',[2] = 'Bed2'},
{[CFrame.new(-3.38586426, 98.1999969, 4.41894531, 4.07104537e-08, 0.866044879, 0.499966443, 1, -2.9802429e-08, -2.98024361e-08, -1.09100338e-08, 0.499966472, -0.866044819)] = 'Structure',[2] = 'Bed2'},
{[CFrame.new(-3.23602295, 98.1999969, -3.50646973, 1.09532614e-07, -0.866021156, 0.500007391, 1, -1.11759668e-08, -2.38418949e-07, 2.12063924e-07, 0.500007391, 0.866021156)] = 'Structure',[2] = 'Bed2'},
{[CFrame.new(3.12176514, 98.1999969, 2.44039917, 2.1165496e-08, 0.40671429, -0.913555503, 1, 1.4901369e-08, 2.98023473e-08, 2.57342645e-08, -0.913555503, -0.406714261)] = 'Structure',[2] = 'Bed2'},
{[CFrame.new(-4.02047729, 98.1999969, -2.95880127, -2.55731291e-16, -0.743139684, 0.669136286, 1, 4.4408921e-16, 1.11022302e-16, 3.79661131e-16, 0.669135749, 0.743140221)] = 'Structure',[2] = 'Bed2'},
{[CFrame.new(1.9743042, 98.1999969, 3.95831299, 0, 0.743120253, -0.66915834, 1, 0, 0, 0, -0.669158697, -0.743120015)] = 'Structure',[2] = 'Bed2'},
{[CFrame.new(-5.58230591, 98.1999969, -11.1284485, -4.76040987e-16, -0.866021097, 0.500007451, 1, -3.55271368e-15, -7.10542736e-15, -7.92983605e-15, 0.500007093, 0.866021752)] = 'Structure',[2] = 'Bed2'},
{[CFrame.new(-13.0639038, 98.2000046, 3.81835938, -1.44503186e-15, 0.406740367, 0.913543761, 1, -3.55271368e-15, 0, -3.24556153e-15, 0.913544476, -0.40674004)] = 'Structure',[2] = 'Bed2'},
{[CFrame.new(-11.5463867, 98.1999893, -6.22787476, 6.1355687e-15, -0.406730145, 0.913548946, 1, -7.10542736e-15, 3.55271368e-15, -5.0461594e-15, 0.913548946, 0.406730145)] = 'Structure',[2] = 'Bed2'},
{[CFrame.new(-10.6730652, 98.2000122, 8.42922974, -3.80340155e-14, 0.743171096, 0.669101536, 1, 0, -5.68434189e-14, 4.22444096e-14, 0.66910094, -0.743171573)] = 'Structure',[2] = 'Bed2'},
{[CFrame.new(-12.1108704, 98.1999969, 6.24932861, 0, 0.5877859, 0.809016585, 1, 0, 0, 0, 0.809016585, -0.5877859)] = 'Structure',[2] = 'Bed2'},
{[CFrame.new(2.12335205, 98.1999969, -11.5875549, 7.06651339e-15, -0.994523466, -0.104519106, 1, -7.10542736e-15, 0, 7.42653712e-16, -0.104519233, 0.994522691)] = 'Structure',[2] = 'Bed2'},
{[CFrame.new(-0.458526611, 98.2000046, -11.9775085, 0, -0.99452132, 0.104538403, 1, 0, 0, 0, 0.10453853, 0.994520605)] = 'Structure',[2] = 'Bed2'},
{[CFrame.new(-7.90039062, 98.2000122, -9.92633057, 5.91573231e-14, -0.743139327, 0.669137001, 1, -2.84217094e-14, 5.68434189e-14, 2.32245846e-14, 0.669136822, 0.743139684)] = 'Structure',[2] = 'Bed2'},
{[CFrame.new(1.01968384, 98.1999969, 12.8217316, -2.82935517e-15, 0.951044977, -0.309056669, 1, 7.77156117e-16, 1.15463195e-14, -1.12212502e-14, -0.309056133, -0.951044917)] = 'Structure',[2] = 'Bed2'},
{[CFrame.new(-13.4909363, 98.2000122, 1.24252319, 1.37050751e-16, 0.207920417, 0.978145778, 1, 0, 1.40112802e-16, -2.91323119e-17, 0.978145778, -0.207920417)] = 'Structure',[2] = 'Bed2'},
{[CFrame.new(-4.16897583, 98.1999969, 12.5870514, -1.26481255e-14, 0.994525433, 0.104492813, 1, -1.42108547e-14, 1.42108547e-14, -1.56179933e-14, 0.104492493, -0.994526207)] = 'Structure',[2] = 'Bed2'},
{[CFrame.new(-6.61328125, 98.2000046, 11.6687622, 1.01366186e-14, 0.951068044, 0.308980107, 1, 1.0658141e-14, 0, 3.29315102e-15, 0.308979839, -0.95106864)] = 'Structure',[2] = 'Bed2'},
{[CFrame.new(4.56771851, 98.2000046, -10.6691589, 4.96304979e-16, -0.951057851, -0.309007764, 1, -6.66133815e-16, 4.4408921e-16, 6.28195315e-16, -0.309007764, 0.951057851)] = 'Structure',[2] = 'Bed2'},
{[CFrame.new(-3.06506348, 98.1999969, -11.8222656, 7.60113285e-16, -0.951055706, 0.309024274, 1, -2.22044605e-16, 1.77635684e-15, 1.62079469e-15, 0.309024364, 0.951054931)] = 'Structure',[2] = 'Bed2'},
{[CFrame.new(-8.81335449, 98.1999969, 10.2621918, 4.03415667e-16, 0.866045356, 0.499966413, 1, -1.11022302e-16, 9.99200722e-16, -9.20860339e-16, 0.499965608, -0.866046607)] = 'Structure',[2] = 'Bed2'},
{[CFrame.new(-9.91769409, 98.1999969, -8.26861572, -1.87630757e-15, -0.587777734, 0.80902344, 1, 2.88657986e-15, -2.22044605e-16, 2.20478632e-15, 0.809019208, 0.587780952)] = 'Structure',[2] = 'Bed2'},
{[CFrame.new(-1.58682251, 98.2000122, 12.9771576, 2.69792793e-07, 0.994521022, -0.104537115, 1, -1.83188547e-07, 8.38056053e-07, 8.14314319e-07, -0.104537115, -0.994521022)] = 'Structure',[2] = 'Bed2'},
{[CFrame.new(-13.3728333, 98.1999969, -1.36598206, 0, 7.4505806e-08, 0.999999762, 1, 0, 0, 0, 1.00000155, 7.4505806e-08)] = 'Structure',[2] = 'Bed2'},
{[CFrame.new(-12.715332, 98.1999969, -3.89292908, 4.77397499e-08, -0.207909301, 0.978148103, 1, 8.9407294e-08, -2.98023792e-08, -8.1257383e-08, 0.978148103, 0.207909301)] = 'Structure',[2] = 'Bed2'},
{[CFrame.new(-18.0080261, 98.1999969, 11.5591125, 0, 0.743146122, 0.669129193, 1, 0, 0, 0, 0.669129252, -0.743146062)] = 'Structure',[2] = 'Bed2'},
{[CFrame.new(-4.16864014, 98.2000046, 20.5227661, -2.97188455e-15, 0.994516611, -0.104563817, 1, 0, 2.84217094e-14, -2.82659977e-14, -0.104565039, -0.994522333)] = 'Structure',[2] = 'Bed2'},
{[CFrame.new(-6.29278564, 98.1999969, -19.0717163, 3.84590836e-16, -0.866021514, 0.500006378, 1, -4.4408921e-16, 0, -2.22047384e-16, 0.500006199, 0.866021872)] = 'Structure',[2] = 'Bed2'},
{[CFrame.new(-10.2467957, 98.1999969, -17.5483398, 5.79496913e-15, -0.743138552, 0.669139206, 1, -4.61852778e-14, -4.26325641e-14, -6.25862819e-14, 0.669136405, 0.743142068)] = 'Structure',[2] = 'Bed2'},
{[CFrame.new(-13.7976379, 98.2000122, -15.236145, 3.09337381e-13, -0.58777833, 0.809024215, 1, -5.68434189e-14, 3.41060513e-13, 1.5448111e-13, 0.809022725, 0.587781012)] = 'Structure',[2] = 'Bed2'},
{[CFrame.new(-8.26290894, 98.2000122, 19.4311676, 6.89879943e-14, 0.994522512, 0.104490407, 1, 6.75015599e-14, 1.77635684e-14, -1.06131653e-14, 0.104488946, -0.994527042)] = 'Structure',[2] = 'Bed2'},
{[CFrame.new(-16.7900696, 98.1999969, -12.2362976, -1.0235735e-14, -0.406728804, 0.913548946, 1, -2.04280223e-14, 2.10943412e-15, 1.78040295e-14, 0.913549006, 0.406728745)] = 'Structure',[2] = 'Bed2'},
{[CFrame.new(-21.2646484, 98.1999969, -0.536468506, 0, 0.207917616, 0.978146374, 1, 0, 0, 0, 0.978146374, -0.207917616)] = 'Structure',[2] = 'Bed2'},
{[CFrame.new(-21.0378418, 98.2000122, 3.69474792, 2.59838553e-16, 0.406745017, 0.913542211, 1, 8.8817842e-16, -1.11022302e-16, 8.56546133e-16, 0.913542211, -0.406745017)] = 'Structure',[2] = 'Bed2'},
{[CFrame.new(-15.3373413, 98.2000122, 14.8496399, -1.1570283e-13, 0.866043687, 0.499967903, 1, 2.27373675e-13, -6.25277607e-13, 6.55198552e-13, 0.499964148, -0.866047502)] = 'Structure',[2] = 'Bed2'},
{[CFrame.new(-19.0935059, 98.1999817, -8.68002319, 2.35025317e-14, -0.207905278, 0.978152871, 1, -4.61852778e-14, 1.42108547e-14, -4.22217159e-14, 0.978152871, 0.207905278)] = 'Structure',[2] = 'Bed2'},
{[CFrame.new(2.1232605, 98.1999969, -19.5231018, 3.70992299e-14, -0.994525194, 0.104537956, 1, -3.73034936e-14, 0, -3.89962788e-15, 0.104537934, 0.994519651)] = 'Structure',[2] = 'Bed2'},
{[CFrame.new(-12.0408325, 98.1999969, 17.5120392, 0, 0.951068401, 0.308979213, 1, 0, 0, 0, 0.308978975, -0.95106858)] = 'Structure',[2] = 'Bed2'},
{[CFrame.new(-19.9361267, 98.1999969, 7.78608704, -1.33154469e-14, 0.587790728, 0.809013963, 1, -1.77635684e-14, -3.55271368e-15, -1.2282796e-14, 0.809018314, -0.587787867)] = 'Structure',[2] = 'Bed2'},
{[CFrame.new(0.0632324219, 98.1999817, 20.7394104, 2.70305273e-14, 0.951052248, -0.309032023, 1, 2.84217094e-14, 0, -8.78321751e-15, -0.309032023, -0.951052248)] = 'Structure',[2] = 'Bed2'},
{[CFrame.new(6.21755981, 98.2000046, -18.431427, 2.76668002e-15, -0.994518042, -0.104518816, 1, -3.10862447e-15, 3.10862447e-15, 3.41650104e-15, -0.104518808, 0.994518042)] = 'Structure',[2] = 'Bed2'},
{[CFrame.new(-2.10839844, 98.2000122, -19.7396545, -5.47332226e-14, -0.95105648, 0.309026033, 1, 3.90798505e-14, -5.68434189e-14, -4.19843197e-14, 0.309027553, 0.951051891)] = 'Structure',[2] = 'Bed2'},
{[CFrame.new(-20.6073608, 98.1999969, -4.72235107, -2.84217094e-14, 0, 1, 1, 0, -2.84217094e-14, 0, 1, 0)] = 'Structure',[2] = 'Bed2'},
{[CFrame.new(-10.9571533, 98.1999969, -25.4916992, 2.77161483e-15, -0.743138611, 0.669136524, 1, -5.32907052e-15, -1.77635684e-15, -4.88595286e-15, 0.669135213, 0.743140996)] = 'Structure',[2] = 'Bed2'},
{[CFrame.new(-24.3372498, 98.1999969, -14.6884766, -1.23111953e-14, -0.207900897, 0.978149891, 1, -4.04121215e-14, 3.99681094e-15, 3.86981673e-14, 0.978149951, 0.207900912)] = 'Structure',[2] = 'Bed2'},
{[CFrame.new(-26.9854736, 98.1999817, -9.50946045, 9.9475983e-14, 6.50271911e-26, 1, 1, 3.26849658e-13, -9.9475983e-14, -3.26849658e-13, 1, -3.25134969e-26)] = 'Structure',[2] = 'Bed2'},
{[CFrame.new(-2.5184021, 98.2000122, 28.2850952, -1.77040105e-13, 0.951043129, -0.309058279, 1, 1.03028304e-13, -2.55795548e-13, -2.11430848e-13, -0.309058309, -0.951043069)] = 'Structure',[2] = 'Bed2'},
{[CFrame.new(-28.4992676, 98.2000046, -3.89283752, -1.73762521e-13, 0.207914799, 0.978146374, 1, 8.52651283e-14, -1.9576864e-13, 1.24104991e-13, 0.978146374, -0.207914799)] = 'Structure',[2] = 'Bed2'},
{[CFrame.new(-16.1440735, 98.1999969, -22.8582458, -3.93954617e-14, -0.58777684, 0.809023082, 1, 3.33955221e-13, 2.91322413e-13, -4.41410038e-13, 0.809023142, 0.58777678)] = 'Structure',[2] = 'Bed2'},
{[CFrame.new(-5.33615112, 98.2000122, -26.9891052, -3.35212787e-13, -0.866020739, 0.500008106, 1, -2.55795412e-13, 2.27373703e-13, -6.9010566e-14, 0.500008047, 0.866020739)] = 'Structure',[2] = 'Bed2'},
{[CFrame.new(-13.6904297, 98.1999969, 25.2744751, -6.07278895e-16, 0.994523406, 0.104489475, 1, -6.10622664e-16, 0, -6.38028692e-17, 0.104488, -0.994524658)] = 'Structure',[2] = 'Bed2'},
{[CFrame.new(-8.26257324, 98.2000122, 27.3669891, 4.49791327e-13, 0.994517446, -0.10457141, 1, -4.63851342e-13, -1.10133765e-13, -1.58035504e-13, -0.10457141, -0.994517446)] = 'Structure',[2] = 'Bed2'},
{[CFrame.new(0.473297119, 98.1999969, -27.2853088, 2.4124756e-13, -0.951054633, 0.309022844, 1, 2.51354493e-13, -7.1053003e-15, -7.09167561e-14, 0.309022844, 0.951054633)] = 'Structure',[2] = 'Bed2'},
{[CFrame.new(-22.6722412, 98.1999969, 17.9788666, 0, 0.8660267, 0.499998689, 1, 0, 0, 0, 0.499998689, -0.8660267)] = 'Structure',[2] = 'Bed2'},
{[CFrame.new(-27.9100342, 98.2000122, 7.66249084, 3.49166844e-15, 0.587794125, 0.809013963, 1, 5.32907052e-15, 4.4408921e-16, 4.05025744e-15, 0.809013963, -0.587794125)] = 'Structure',[2] = 'Bed2'},
{[CFrame.new(-18.5648499, 98.2000198, 22.0995636, -1.26521081e-13, 0.951070607, 0.308973968, 1, -1.30737999e-12, 4.43381009e-12, 4.62081111e-12, 0.308973998, -0.951070607)] = 'Structure',[2] = 'Bed2'},
{[CFrame.new(6.21749878, 98.2000046, -26.3670349, 6.32744454e-15, -0.994521022, 0.104537651, 1, 5.66211074e-15, -6.66130681e-15, 6.03290492e-15, 0.104537651, 0.994521022)] = 'Structure',[2] = 'Bed2'},
{[CFrame.new(-20.6700745, 98.2000198, -19.2038574, 2.44103847e-12, -0.406724483, 0.913550913, 1, 5.1158833e-13, -2.44426766e-12, 5.26781526e-13, 0.913550913, 0.406724483)] = 'Structure',[2] = 'Bed2'},
{[CFrame.new(-25.8331909, 98.1999969, 13.0958862, -9.51834572e-14, 0.743146122, 0.669129193, 1, 1.13686838e-13, 1.59872387e-14, -6.41903251e-14, 0.669129193, -0.743146181)] = 'Structure',[2] = 'Bed2'},
{[CFrame.new(-28.8115845, 98.1999969, 1.91569519, 0, 0.406742245, 0.913543105, 1, 0, 0, 0, 0.913543105, -0.406742245)] = 'Structure',[2] = 'Bed2'},
{[CFrame.new(-6.61221313, 98.2000122, 35.129303, -8.44696566e-16, 0.951043904, -0.309057236, 1, -8.8817842e-16, 0, 2.74498073e-16, -0.309057385, -0.951043189)] = 'Structure',[2] = 'Bed2'},
{[CFrame.new(-35.6837769, 98.1999969, 5.88339233, 0, 0.587790787, 0.80901432, 1, 0, 0, 0, 0.80901432, -0.587790787)] = 'Structure',[2] = 'Bed2'},
{[CFrame.new(-25.8998108, 98.1999969, 25.2281036, 0, 0.951059997, 0.309016258, 1, 0, 0, 0, 0.309016258, -0.951059997)] = 'Structure',[2] = 'Bed2'},
{[CFrame.new(-20.2144165, 98.2000275, 29.8621826, 1.73650558e-12, 0.994527578, 0.104474314, 1, -2.6716216e-12, 8.81073599e-12, 9.0416355e-12, 0.104474321, -0.994527578)] = 'Structure',[2] = 'Bed2'},
{[CFrame.new(-23.01651, 98.1999893, -26.8259888, -3.60119149e-15, -0.406727254, 0.913550079, 1, -7.10542736e-15, -7.10542736e-15, -9.38113553e-15, 0.913549662, 0.40672794)] = 'Structure',[2] = 'Bed2'},
{[CFrame.new(-33.8071289, 98.2000122, 12.9723511, 2.89437257e-14, 0.743150949, 0.669123948, 1, -3.77477522e-14, -1.33227144e-15, 2.42678395e-14, 0.669123948, -0.743150949)] = 'Structure',[2] = 'Bed2'},
{[CFrame.new(-28.2172241, 98.2000275, -21.6560059, -6.7419147e-14, -0.207899779, 0.978150606, 1, 5.68434189e-14, -5.68434189e-14, 4.37836853e-14, 0.978150606, 0.207899779)] = 'Structure',[2] = 'Bed2'},
{[CFrame.new(-10.0005188, 98.2000122, -33.4091187, -2.11212714e-14, -0.743138671, 0.669137836, 1, 2.84217094e-14, 0, 1.90180242e-14, 0.66913712, 0.743138492)] = 'Structure',[2] = 'Bed2'},
{[CFrame.new(-2.7545166, 98.2000046, -34.5348816, 3.55275518e-15, -0.86602211, 0.500005841, 1, 0, 7.10542736e-15, 6.15345719e-15, 0.500005841, 0.86602211)] = 'Structure',[2] = 'Bed2'},
{[CFrame.new(-32.2292786, 98.1999969, -15.5178833, 8.32655225e-17, 1.08629438e-05, 1.00000012, 1, -1.11022302e-16, 8.32667268e-17, -1.11023202e-16, 0.99999994, -1.08182458e-05)] = 'Structure',[2] = 'Bed2'},
{[CFrame.new(-16.8544922, 98.1999969, -30.8015442, 1.36289634e-14, -0.587774336, 0.809024453, 1, -3.90798505e-14, -1.15463195e-14, -3.84030949e-14, 0.809019029, 0.587780774)] = 'Structure',[2] = 'Bed2'},
{[CFrame.new(-36.0462646, 98.2000122, -1.44065857, -1.00068326e-12, 0.406738043, 0.913540483, 1, 5.40012479e-13, -1.33582034e-12, 1.03665319e-12, 0.913540483, -0.406738043)] = 'Structure',[2] = 'Bed2'},
{[CFrame.new(-13.6900635, 98.1999969, 33.2102051, -5.20256954e-15, 0.994517267, -0.104572825, 1, 5.30129419e-15, 6.66126933e-16, 1.21684605e-15, -0.104572825, -0.994517267)] = 'Structure',[2] = 'Bed2'},
{[CFrame.new(0.709747314, 98.2000122, 35.5346375, -1.84599955e-14, 0.866004467, -0.500036538, 1, -2.13162821e-14, 0, 1.06589161e-14, -0.500036359, -0.866004884)] = 'Structure',[2] = 'Bed2'},
{[CFrame.new(4.56756592, 98.2000046, -34.1290894, 1.5341044e-14, -0.951053679, 0.309025943, 1, 1.16573426e-14, -1.37667647e-14, 9.4905112e-15, 0.309025943, 0.951053679)] = 'Structure',[2] = 'Bed2'},
{[CFrame.new(-30.4973755, 98.1999969, 19.5156555, 2.83876634e-15, 0.86602664, 0.499998271, 1, 5.32907052e-15, -3.55271368e-15, 5.74127063e-15, 0.499998271, -0.86602664)] = 'Structure',[2] = 'Bed2'},
{[CFrame.new(-34.8773804, 98.1999817, -8.67993164, -1.25744444e-15, 0.207918927, 0.978146076, 1, 0, -1.28553852e-15, 2.67287785e-16, 0.978146076, -0.207918927)] = 'Structure',[2] = 'Bed2'},
{[CFrame.new(-36.1092224, 98.2000275, -22.4854736, -3.55268576e-13, 1.22785787e-05, 1.0000006, 1, 2.27373675e-13, -3.55271368e-13, 2.27378039e-13, 1.0000006, -1.22785787e-05)] = 'Structure',[2] = 'Bed2'},
{[CFrame.new(-23.7269287, 98.1999969, -34.7693481, 1.10542001e-14, -0.406723559, 0.913551271, 1, 7.90475744e-14, 2.30926389e-14, -8.16063322e-14, 0.913551331, 0.406723589)] = 'Structure',[2] = 'Bed2'},
{[CFrame.new(-40.1213074, 98.1999969, -14.688324, -1.24981908e-16, 0.207922325, 0.978149652, 1, -3.33066907e-16, -5.69748242e-17, -3.13941062e-16, 0.978143752, -0.207922861)] = 'Structure',[2] = 'Bed2'},
{[CFrame.new(1.33984375, 98.2000046, -41.37854, -2.88442856e-16, -0.866020739, 0.500008106, 1, 3.33066907e-16, 0, 1.66536154e-16, 0.500008106, 0.866020739)] = 'Structure',[2] = 'Bed2'},
{[CFrame.new(-27.5496521, 98.1999969, 32.9900208, 0, 0.994522095, 0.104526721, 1, 0, 0, 0, 0.104526721, -0.994522095)] = 'Structure',[2] = 'Bed2'},
{[CFrame.new(-30.5637207, 98.1999817, -29.2781067, -1.74602188e-14, -0.20790042, 0.978154063, 1, -4.97379915e-14, -2.84217094e-14, -5.45602246e-14, 0.978150666, 0.207904413)] = 'Structure',[2] = 'Bed2'},
{[CFrame.new(-38.4714355, 98.2000122, 19.3923187, 6.7319956e-14, 0.866029978, 0.499992102, 1, -7.59392549e-14, -3.10862108e-15, 3.5276869e-14, 0.499992132, -0.866029978)] = 'Structure',[2] = 'Bed2'},
{[CFrame.new(-42.4244385, 98.1999741, -6.22766113, -2.43416601e-15, 0.406743407, 0.91354239, 1, 0, -2.66453526e-15, 1.08378215e-15, 0.91354239, -0.406743407)] = 'Structure',[2] = 'Bed2'},
{[CFrame.new(-7.4190979, 98.2000122, -40.9549255, 4.30533871e-14, -0.743140638, 0.669135988, 1, -3.55271368e-15, 6.03961325e-14, 4.25055668e-14, 0.669135988, 0.743140638)] = 'Structure',[2] = 'Bed2'},
{[CFrame.new(-41.5808105, 98.1999969, 11.1931305, 0, 0.743150175, 0.669127405, 1, 0, 0, 0, 0.669127405, -0.743150175)] = 'Structure',[2] = 'Bed2'},
{[CFrame.new(-42.918457, 98.2000122, 2.52705383, -5.66365097e-12, 0.587787807, 0.809015155, 1, -3.410606e-12, 9.47863836e-12, 8.33066081e-12, 0.809015155, -0.587787807)] = 'Structure',[2] = 'Bed2'},
{[CFrame.new(-15.8978577, 98.2000122, -38.7190552, -1.29516054e-13, -0.587778687, 0.809024692, 1, 1.42108547e-13, -5.68434189e-14, 8.1557516e-14, 0.80902034, 0.58777678)] = 'Structure',[2] = 'Bed2'},
{[CFrame.new(-33.7249146, 98.1999893, 26.7649078, 4.2406115e-14, 0.951059282, 0.309015602, 1, 5.15143483e-14, -2.13162821e-14, 3.61917663e-14, 0.309015602, -0.951059282)] = 'Structure',[2] = 'Bed2'},
{[CFrame.new(-3.32461548, 98.2000046, -47.7984619, -1.1550695e-15, -0.743138671, 0.669137597, 1, 1.55431223e-15, 0, 1.04004878e-15, 0.669137597, 0.743138671)] = 'Structure',[2] = 'Bed2'},
{[CFrame.new(6.76730347, 98.2000122, -47.2218323, 4.07014908e-11, -0.866020679, 0.500008285, 1, 7.24824645e-11, 4.41389182e-11, -7.44670436e-11, 0.500008285, 0.866020679)] = 'Structure',[2] = 'Bed2'},
{[CFrame.new(-41.6989746, 98.2000122, 26.6416931, 6.96809748e-16, 0.951059341, 0.30900833, 1, 4.4408921e-16, 8.8817842e-16, -7.07483105e-16, 0.30900839, -0.951059341)] = 'Structure',[2] = 'Bed2'},
{[CFrame.new(-49.2967224, 98.1999741, -2.25987244, -3.53882573e-14, 0.587791026, 0.809012115, 1, -2.84217094e-14, -2.30926389e-14, -9.41986357e-15, 0.809012115, -0.587791026)] = 'Structure',[2] = 'Bed2'},
{[CFrame.new(-22.7702637, 98.2000122, -42.6867981, -8.22884187e-13, -0.406740695, 0.913543761, 1, -9.37919555e-13, 4.83167109e-13, 6.60306662e-13, 0.913543761, 0.406740695)] = 'Structure',[2] = 'Bed2'},
{[CFrame.new(-48.8156433, 98.2000275, 7.8368988, 9.50888419e-15, 0.743147075, 0.669128239, 1, 0, 1.42108547e-14, -1.05607551e-14, 0.669128239, -0.743147075)] = 'Structure',[2] = 'Bed2'},
{[CFrame.new(-46.2450562, 98.1999969, 17.6129761, 0, 0.866028905, 0.499995112, 1, 0, 0, 0, 0.499995112, -0.866028905)] = 'Structure',[2] = 'Bed2'},
{[CFrame.new(-38.4559326, 98.1999817, -30.107605, -1.77642745e-13, 2.20089951e-05, 1, 1, 3.62377229e-13, 1.77634749e-13, -3.62373326e-13, 1, -2.20089951e-05)] = 'Structure',[2] = 'Bed2'},
{[CFrame.new(-44.0013428, 98.2000275, -21.6559143, -2.19883486e-12, 0.207923755, 0.978145063, 1, -1.53477946e-12, 2.57421124e-12, 2.03647646e-12, 0.978145063, -0.207923755)] = 'Structure',[2] = 'Bed2'},
{[CFrame.new(-13.3164978, 98.2000122, -46.2648926, 3.5247418e-13, -0.587781727, 0.809023798, 1, -1.77635684e-14, 4.22772928e-13, 2.341269e-13, 0.809023798, 0.587781727)] = 'Structure',[2] = 'Bed2'},
{[CFrame.new(-31.2741394, 98.1999969, -37.2214661, -1.31782809e-14, -0.207889184, 0.978152454, 1, 1.58095867e-13, 4.70731378e-14, -1.64427852e-13, 0.978152394, 0.207889199)] = 'Structure',[2] = 'Bed2'},
{[CFrame.new(-47.668457, 98.1999969, -12.2360229, -1.19632795e-15, 0.406749815, 0.913539708, 1, 2.44249129e-15, 2.22043123e-16, -2.14099648e-15, 0.913539708, -0.406749815)] = 'Structure',[2] = 'Bed2'},
{[CFrame.new(-9.22186279, 98.2000122, -53.1083679, -6.78667361e-15, -0.587778211, 0.809023201, 1, 1.15463195e-14, 0, 9.34123858e-15, 0.809023201, 0.587778211)] = 'Structure',[2] = 'Bed2'},
{[CFrame.new(-49.4725952, 98.1999969, 24.8623505, 0, 0.951062381, 0.309012622, 1, 0, 0, 0, 0.309012622, -0.951062381)] = 'Structure',[2] = 'Bed2'},
{[CFrame.new(-20.1890869, 98.2000122, -50.2327271, 2.71332392e-12, -0.406730443, 0.913548291, 1, 3.19744638e-14, -2.95585843e-12, 1.17302717e-12, 0.913548291, 0.406730443)] = 'Structure',[2] = 'Bed2'},
{[CFrame.new(-46.3480835, 98.1999817, -29.2780151, 4.72349088e-16, 0.207930744, 0.978143573, 1, 0, 4.82903648e-16, -1.00410515e-16, 0.978143573, -0.207930744)] = 'Structure',[2] = 'Bed2'},
{[CFrame.new(-39.1662292, 98.1999969, -38.0507812, 4.4408921e-16, 2.09808404e-05, 1.00000012, 1, 0, 4.4408921e-16, -9.31736404e-21, 1.00000012, -2.09808404e-05)] = 'Structure',[2] = 'Bed2'},
{[CFrame.new(-53.4799194, 98.2000275, 14.2568054, -6.72463252e-14, 0.866027594, 0.499997437, 1, -2.84217094e-14, -8.52651283e-14, 5.96311669e-14, 0.499997437, -0.866027594)] = 'Structure',[2] = 'Bed2'},
{[CFrame.new(-54.540863, 98.1999969, -8.26812744, -1.10167554e-16, 0.587796926, 0.809008598, 1, -1.11022302e-16, -5.55111512e-17, -5.71888588e-17, 0.809009731, -0.587796211)] = 'Structure',[2] = 'Bed2'},
{[CFrame.new(-55.1938477, 98.1999741, 3.04998779, -2.5957925e-13, 0.743147194, 0.669122577, 1, -1.98951966e-13, -1.66977543e-13, -9.03435855e-15, 0.669122577, -0.743147194)] = 'Structure',[2] = 'Bed2'},
{[CFrame.new(-30.3174744, 98.2000122, -45.1389771, -1.35507035e-12, -0.207936734, 0.978142262, 1, -1.90426104e-12, 9.80536832e-13, 1.65874855e-12, 0.978142381, 0.207936704)] = 'Structure',[2] = 'Bed2'},
{[CFrame.new(2.10275269, 98.2000122, -53.6417542, -2.11435157e-15, -0.74313879, 0.669137955, 1, -3.55271368e-15, -7.10542736e-15, -7.65757341e-15, 0.669137955, 0.74313879)] = 'Structure',[2] = 'Bed2'},
{[CFrame.new(-51.548584, 98.2000198, -19.2035828, -3.49726433e-12, 0.406747907, 0.913540483, 1, -2.955858e-12, 5.14432984e-12, 4.79274086e-12, 0.913540483, -0.406747907)] = 'Structure',[2] = 'Bed2'},
{[CFrame.new(-47.0583191, 98.1999969, -37.2211609, 3.25523147e-15, 0.207933113, 0.978147566, 1, 0, 3.32795857e-15, -6.91992142e-16, 0.978147566, -0.207933113)] = 'Structure',[2] = 'Bed2'},
{[CFrame.new(-60.4380493, 98.1999969, -2.95809937, -8.08627785e-16, 0.743154824, 0.669120312, 1, -8.8817842e-16, -2.22044605e-16, -4.29285377e-16, 0.669121861, -0.743153334)] = 'Structure',[2] = 'Bed2'},
{[CFrame.new(-59.8580627, 98.1999741, 9.46989441, -1.79912834e-12, 0.866029203, 0.499993503, 1, 1.42108558e-12, 1.13686827e-12, 2.74027654e-13, 0.499993503, -0.866029203)] = 'Structure',[2] = 'Bed2'},
{[CFrame.new(-16.0943604, 98.2000122, -57.0760193, -3.49021417e-14, -0.406728178, 0.913549244, 1, -8.08246224e-14, 2.22045304e-15, 7.29341446e-14, 0.913549244, 0.406728178)] = 'Structure',[2] = 'Bed2'},
{[CFrame.new(-3.79464722, 98.2000198, -58.9516907, -1.77851051e-14, -0.587779522, 0.809025168, 1, -2.84217094e-14, -4.26325641e-14, -4.80523926e-14, 0.809025168, 0.587779522)] = 'Structure',[2] = 'Bed2'},
{[CFrame.new(-27.7364502, 98.2000198, -52.684967, 3.47508502e-15, -0.207905129, 0.978149593, 1, 0, 3.55271368e-15, 7.38627288e-16, 0.978149593, 0.207905129)] = 'Structure',[2] = 'Bed2'},
{[CFrame.new(-58.42099, 98.2000198, -15.2356873, -5.64057535e-14, 0.587795496, 0.809010208, 1, -5.68434189e-14, -2.84217094e-14, -2.92807499e-14, 0.809010208, -0.587795496)] = 'Structure',[2] = 'Bed2'},
