tab = {
{[CFrame.new(25.2929688, 201.700012, -38.4572144, -1.49011242e-07, 1, 0, 0, 0, -1, -1, -1.49011228e-07, 0)] = 'Structure',[2] = 'Seat_Couch'},
{[CFrame.new(32.5231934, 201.700012, -32.3807373, 0.207911238, 0.978147745, 0, 0, 0, -1, -0.978147745, 0.207911238, 0)] = 'Structure',[2] = 'Seat_Couch'},
{[CFrame.new(24.5378113, 201.700012, -45.6422119, -0.207911849, 0.978147566, 0, 0, 0, -1, -0.978147566, -0.207911849, 0)] = 'Structure',[2] = 'Seat_Couch'},
{[CFrame.new(40.5638733, 201.700012, -31.8045349, 0.207911968, 0.97815007, 0, 0, 0, -1, -0.97815007, 0.207911983, 0)] = 'Structure',[2] = 'Seat_Couch'},
{[CFrame.new(33.2783813, 201.700012, -39.5657654, -4.91738433e-07, 1.00000036, 0, 0, 0, -1, -1.00000036, -4.91738433e-07, 0)] = 'Structure',[2] = 'Seat_Couch'},
{[CFrame.new(41.3189697, 201.700012, -38.9895325, -2.98021092e-07, 1, 0, 0, 0, -1, -1, -2.98021092e-07, 0)] = 'Structure',[2] = 'Seat_Couch'},
{[CFrame.new(32.5231934, 201.700012, -46.750885, -0.207912698, 0.97815001, 0, 0, 0, -1, -0.97815001, -0.207912698, 0)] = 'Structure',[2] = 'Seat_Couch'},
{[CFrame.new(40.5637512, 201.700012, -46.17453, -0.207911998, 0.978147566, 0, 0, 0, -1, -0.978147566, -0.207911998, 0)] = 'Structure',[2] = 'Seat_Couch'},
{[CFrame.new(30.2905884, 201.700012, -53.6219177, -0.406737089, 0.913545251, 0, 0, 0, -1, -0.913545251, -0.406737089, 0)] = 'Structure',[2] = 'Seat_Couch'},
{[CFrame.new(49.0644531, 201.700012, -36.7539062, -2.98023281e-07, 1.00000036, 0, 0, 0, -1, -1.00000036, -2.98023281e-07, 0)] = 'Structure',[2] = 'Seat_Couch'},
{[CFrame.new(38.3312378, 201.700012, -53.0455017, -0.406737119, 0.913545728, 0, 0, 0, -1, -0.913545728, -0.406737119, 0)] = 'Structure',[2] = 'Seat_Couch'},
{[CFrame.new(48.3092651, 201.700012, -43.9388123, -0.20791252, 0.97815007, 0, 0, 0, -1, -0.97815007, -0.20791252, 0)] = 'Structure',[2] = 'Seat_Couch'},
{[CFrame.new(56.1757202, 201.700012, -32.9573669, -3.87426269e-07, 1, 0, 0, 0, -1, -1, -3.87426269e-07, 0)] = 'Structure',[2] = 'Seat_Couch'},
{[CFrame.new(26.6782532, 201.700012, -59.8786621, -0.587785661, 0.809016705, 0, 0, 0, -1, -0.809016705, -0.587785661, 0)] = 'Structure',[2] = 'Seat_Couch'},
{[CFrame.new(46.0767822, 201.700012, -50.8097534, -0.40673697, 0.91354537, 0, 0, 0, -1, -0.91354537, -0.40673697, 0)] = 'Structure',[2] = 'Seat_Couch'},
{[CFrame.new(55.4205017, 201.700012, -40.1423035, -0.207912073, 0.978147566, 0, 0, 0, -1, -0.978147566, -0.207912073, 0)] = 'Structure',[2] = 'Seat_Couch'},
{[CFrame.new(34.7189636, 201.700012, -59.302124, -0.58778739, 0.809019446, 0, 0, 0, -1, -0.809019446, -0.58778739, 0)] = 'Structure',[2] = 'Seat_Couch'},
{[CFrame.new(42.4645691, 201.700012, -57.0662842, -0.58778584, 0.809017181, 0, 0, 0, -1, -0.809017181, -0.58778584, 0)] = 'Structure',[2] = 'Seat_Couch'},
{[CFrame.new(53.1879272, 201.700012, -47.0133362, -0.406737179, 0.913545668, 0, 0, 0, -1, -0.913545668, -0.406737179, 0)] = 'Structure',[2] = 'Seat_Couch'},
{[CFrame.new(61.5874634, 201.700012, -34.949585, -0.207912266, 0.978147566, 0, 0, 0, -1, -0.978147566, -0.207912266, 0)] = 'Structure',[2] = 'Seat_Couch'},
{[CFrame.new(29.8847961, 201.700012, -64.6711426, -0.743145049, 0.669130445, 0, 0, 0, -1, -0.669130445, -0.743145049, 0)] = 'Structure',[2] = 'Seat_Couch'},
{[CFrame.new(37.6304626, 201.700012, -62.4351501, -0.743147612, 0.66913259, 0, 0, 0, -1, -0.66913259, -0.743147612, 0)] = 'Structure',[2] = 'Seat_Couch'},
{[CFrame.new(49.5756226, 201.700012, -53.2698975, -0.587787271, 0.809019148, 0, 0, 0, -1, -0.809019148, -0.587787271, 0)] = 'Structure',[2] = 'Seat_Couch'},
{[CFrame.new(59.3548279, 201.700012, -41.8205261, -0.406737447, 0.913546026, 0, 0, 0, -1, -0.913546026, -0.406737447, 0)] = 'Structure',[2] = 'Seat_Couch'},
{[CFrame.new(66.5387268, 201.700012, -28.5884705, -0.207912058, 0.978147566, 0, 0, 0, -1, -0.978147566, -0.207912058, 0)] = 'Structure',[2] = 'Seat_Couch'},
{[CFrame.new(64.3061829, 201.700012, -35.4594421, -0.406737149, 0.913545668, 0, 0, 0, -1, -0.913545668, -0.406737149, 0)] = 'Structure',[2] = 'Seat_Couch'},
{[CFrame.new(55.7424316, 201.700012, -48.0771179, -0.587785542, 0.809016764, 0, 0, 0, -1, -0.809016764, -0.587785542, 0)] = 'Structure',[2] = 'Seat_Couch'},
{[CFrame.new(31.7856445, 201.700012, -66.6816406, -0.866025567, 0.499999642, 0, 0, 0, -1, -0.499999642, -0.866025567, 0)] = 'Structure',[2] = 'Seat_Couch'},
{[CFrame.new(44.7414246, 201.700012, -58.6387939, -0.743145049, 0.669130325, 0, 0, 0, -1, -0.669130325, -0.743145049, 0)] = 'Structure',[2] = 'Seat_Couch'},
{[CFrame.new(38.8967285, 201.700012, -62.8852234, -0.866025567, 0.499999702, 0, 0, 0, -1, -0.499999702, -0.866025567, 0)] = 'Structure',[2] = 'Seat_Couch'},
{[CFrame.new(60.6938782, 201.700012, -41.7161255, -0.587787211, 0.809019148, 0, 0, 0, -1, -0.809019148, -0.587787211, 0)] = 'Structure',[2] = 'Seat_Couch'},
{[CFrame.new(67.8280945, 201.700012, -28.207428, -0.406736553, 0.913545549, 0, 0, 0, -1, -0.913545489, -0.406736583, 0)] = 'Structure',[2] = 'Seat_Couch'},
{[CFrame.new(50.9082642, 201.700012, -53.4460754, -0.743145108, 0.669130325, 0, 0, 0, -1, -0.669130325, -0.743145108, 0)] = 'Structure',[2] = 'Seat_Couch'},
{[CFrame.new(32.2969055, 201.700012, -65.8237, -0.951056659, 0.309016645, 0, 0, 0, -1, -0.309016645, -0.951056659, 0)] = 'Structure',[2] = 'Seat_Couch'},
{[CFrame.new(45.063446, 201.700012, -57.6925354, -0.866025746, 0.499999702, 0, 0, 0, -1, -0.499999702, -0.866025746, 0)] = 'Structure',[2] = 'Seat_Couch'},
{[CFrame.new(55.8596191, 201.700012, -47.0851135, -0.743145049, 0.669130385, 0, 0, 0, -1, -0.669130385, -0.743145049, 0)] = 'Structure',[2] = 'Seat_Couch'},
{[CFrame.new(64.2158813, 201.700012, -34.4639893, -0.587785184, 0.809017479, 0, 0, 0, -1, -0.809017003, -0.587785423, 0)] = 'Structure',[2] = 'Seat_Couch'},
{[CFrame.new(38.4634399, 201.700012, -60.6310425, -0.951057553, 0.309016854, 0, 0, 0, -1, -0.309016854, -0.951057553, 0)] = 'Structure',[2] = 'Seat_Couch'},
{[CFrame.new(50.01474, 201.700012, -51.3315735, -0.866025627, 0.499999821, 0, 0, 0, -1, -0.499999821, -0.866025627, 0)] = 'Structure',[2] = 'Seat_Couch'},
{[CFrame.new(59.3817139, 201.700012, -39.8327332, -0.74314487, 0.669133186, 0, 0, 0, -1, -0.669130266, -0.743146956, 0)] = 'Structure',[2] = 'Seat_Couch'},
{[CFrame.new(31.3966675, 201.700012, -62.1331177, -0.994522035, 0.10452801, 0, 0, 0, -1, -0.10452801, -0.994522035, 0)] = 'Structure',[2] = 'Seat_Couch'},
{[CFrame.new(61.3174438, 201.700012, -32.0076599, -0.743146777, 0.669128418, 0, 0, 0, -1, -0.669128418, -0.743146777, 0)] = 'Structure',[2] = 'Seat_Couch'},
{[CFrame.new(43.4147339, 201.700012, -54.2700806, -0.951057374, 0.309017003, 0, 0, 0, -1, -0.309017003, -0.951057374, 0)] = 'Structure',[2] = 'Seat_Couch'},
{[CFrame.new(53.5369263, 201.700012, -44.0791321, -0.866027176, 0.499997079, 0, 0, 0, -1, -0.499997139, -0.866027117, 0)] = 'Structure',[2] = 'Seat_Couch'},
{[CFrame.new(55.4727478, 201.700012, -36.2540588, -0.866026878, 0.499997497, 0, 0, 0, -1, -0.499997497, -0.866026878, 0)] = 'Structure',[2] = 'Seat_Couch'},
{[CFrame.new(46.9369812, 201.700012, -47.0175476, -0.951058328, 0.309013665, 0, 0, 0, -1, -0.309014082, -0.951057613, 0)] = 'Structure',[2] = 'Seat_Couch'},
{[CFrame.new(36.3479614, 201.700012, -55.7721252, -0.994522035, 0.104528204, 0, 0, 0, -1, -0.104528204, -0.994522035, 0)] = 'Structure',[2] = 'Seat_Couch'},
{[CFrame.new(55.7408447, 201.700012, -28.1975708, -0.86602509, 0.500000596, 0, 0, 0, -1, -0.500000596, -0.86602509, 0)] = 'Structure',[2] = 'Seat_Couch'},
{[CFrame.new(29.123291, 201.700012, -55.7720947, -0.994522631, -0.104528829, 0, 0, 0, -1, 0.104528829, -0.994522631, 0)] = 'Structure',[2] = 'Seat_Couch'},
{[CFrame.new(39.8702698, 201.700012, -48.5195618, -0.994522274, 0.104525819, 0, 0, 0, -1, -0.104525819, -0.994522274, 0)] = 'Structure',[2] = 'Seat_Couch'},
{[CFrame.new(48.8728638, 201.700012, -39.1925049, -0.951057434, 0.309014261, 0, 0, 0, -1, -0.309014261, -0.951057434, 0)] = 'Structure',[2] = 'Seat_Couch'},
{[CFrame.new(41.8062744, 201.700012, -40.6944885, -0.994522452, 0.104525626, 0, 0, 0, -1, -0.104525626, -0.994522452, 0)] = 'Structure',[2] = 'Seat_Couch'},
{[CFrame.new(49.1409302, 201.700012, -31.1360779, -0.951056421, 0.309017688, 0, 0, 0, -1, -0.309017688, -0.951056421, 0)] = 'Structure',[2] = 'Seat_Couch'},
{[CFrame.new(32.6457825, 201.700012, -48.5195007, -0.994522154, -0.104531191, 0, 0, 0, -1, 0.104531191, -0.994522154, 0)] = 'Structure',[2] = 'Seat_Couch'},
{[CFrame.new(25.5791016, 201.700012, -47.0174255, -0.951059222, -0.309020728, 0, 0, 0, -1, 0.309020728, -0.951059222, 0)] = 'Structure',[2] = 'Seat_Couch'},
{[CFrame.new(34.5817566, 201.700012, -40.694458, -0.994523287, -0.104531497, 0, 0, 0, -1, 0.104531497, -0.994523287, 0)] = 'Structure',[2] = 'Seat_Couch'},
{[CFrame.new(42.0742798, 201.700012, -32.6381836, -0.994522691, 0.104529232, 0, 0, 0, -1, -0.104529232, -0.994522691, 0)] = 'Structure',[2] = 'Seat_Couch'},
{[CFrame.new(27.5151062, 201.700012, -39.1923523, -0.951058805, -0.309020787, 0, 0, 0, -1, 0.309020817, -0.951058805, 0)] = 'Structure',[2] = 'Seat_Couch'},
{[CFrame.new(34.8496399, 201.700012, -32.638092, -0.994521976, -0.104527794, 0, 0, 0, -1, 0.104527801, -0.994521976, 0)] = 'Structure',[2] = 'Seat_Couch'},
{[CFrame.new(27.78302, 201.700012, -31.1359863, -0.951056719, -0.309016377, 0, 0, 0, -1, 0.309016407, -0.951056719, 0)] = 'Structure',[2] = 'Seat_Couch'},
{[CFrame.new(13.2316284, 201.700012, -0.707183838, -0.994518697, -0.104528241, 0, 0, 0, -1, 0.104528241, -0.994518697, 0)] = 'Structure',[2] = 'Seat_Couch'},
{[CFrame.new(13.008728, 201.700012, -3.465271, -0.951052427, -0.309015691, 0, 0, 0, -1, 0.309015691, -0.951052427, 0)] = 'Structure',[2] = 'Seat_Couch'},
{[CFrame.new(12.2172546, 201.700012, -6.1166687, -0.866025329, -0.500000119, 0, 0, 0, -1, 0.500000119, -0.866025329, 0)] = 'Structure',[2] = 'Seat_Couch'},
{[CFrame.new(10.8917847, 201.700012, -8.54556274, -0.743144691, -0.669130862, 0, 0, 0, -1, 0.669130862, -0.743144691, 0)] = 'Structure',[2] = 'Seat_Couch'},
{[CFrame.new(9.09036255, 201.700012, -10.6458435, -0.587785661, -0.809018373, 0, 0, 0, -1, 0.809018373, -0.587785661, 0)] = 'Structure',[2] = 'Seat_Couch'},
{[CFrame.new(6.89160156, 201.700012, -12.3257141, -0.406737596, -0.913548768, 0, 0, 0, -1, 0.913548768, -0.406737566, 0)] = 'Structure',[2] = 'Seat_Couch'},
{[CFrame.new(4.39157104, 201.700012, -13.5117188, -0.207911313, -0.978147686, 0, 0, 0, -1, 0.978147686, -0.207911313, 0)] = 'Structure',[2] = 'Seat_Couch'},
{[CFrame.new(1.69967651, 201.700012, -14.1520081, 0, -1, 0, 0, 0, -1, 1, 0, 0)] = 'Structure',[2] = 'Seat_Couch'},
{[CFrame.new(-1.06655884, 201.700012, -14.2186584, 0.207912058, -0.978147566, 0, 0, 0, -1, 0.978147566, 0.207912058, 0)] = 'Structure',[2] = 'Seat_Couch'},
{[CFrame.new(-3.78616333, 201.700012, -13.7086792, 0.406737566, -0.913546503, 0, 0, 0, -1, 0.913546503, 0.406737566, 0)] = 'Structure',[2] = 'Seat_Couch'},
{[CFrame.new(-6.34024048, 201.700012, -12.6444702, 0.587787449, -0.809019506, 0, 0, 0, -1, 0.809019506, 0.587787449, 0)] = 'Structure',[2] = 'Seat_Couch'},
{[CFrame.new(-8.61727905, 201.700012, -11.0724487, 0.743145049, -0.669130385, 0, 0, 0, -1, 0.669130385, 0.743145049, 0)] = 'Structure',[2] = 'Seat_Couch'},
{[CFrame.new(-10.5177917, 201.700012, -9.0612793, 0.866025627, -0.499999821, 0, 0, 0, -1, 0.499999821, 0.866025627, 0)] = 'Structure',[2] = 'Seat_Couch'},
{[CFrame.new(-11.9585876, 201.700012, -6.69900513, 0.951059043, -0.30901742, 0, 0, 0, -1, 0.30901742, 0.951059043, 0)] = 'Structure',[2] = 'Seat_Couch'},
{[CFrame.new(6.40890503, 201.700012, -0.52684021, -0.866025448, -0.5, 0, 0, 0, -1, 0.50000006, -0.866025388, 0)] = 'Structure',[2] = 'Seat_Couch'},
{[CFrame.new(1.16598511, 201.700012, -7.34768677, 0.406737179, -0.913545787, 0, 0, 0, -1, 0.913545787, 0.406737179, 0)] = 'Structure',[2] = 'Seat_Couch'},
{[CFrame.new(-0.173797607, 201.700012, -7.45205688, 0.587786674, -0.809018195, 0, 0, 0, -1, 0.809018195, 0.587786674, 0)] = 'Structure',[2] = 'Seat_Couch'},
{[CFrame.new(4.65908813, 201.700012, -5.45465088, -0.2079117, -0.978149474, 0, 0, 0, -1, 0.978149474, -0.207911655, 0)] = 'Structure',[2] = 'Seat_Couch'},
{[CFrame.new(6.05761719, 201.700012, -3.17666626, -0.587787211, -0.809020221, 0, 0, 0, -1, 0.809020221, -0.587787211, 0)] = 'Structure',[2] = 'Seat_Couch'},
{[CFrame.new(5.47805786, 201.700012, -4.38912964, -0.406737, -0.913547337, 0, 0, 0, -1, 0.913547397, -0.406737, 0)] = 'Structure',[2] = 'Seat_Couch'},
{[CFrame.new(6.37243652, 201.700012, -1.87019348, -0.743144751, -0.669130743, 0, 0, 0, -1, 0.669130743, -0.743144751, 0)] = 'Structure',[2] = 'Seat_Couch'},
{[CFrame.new(-1.506073, 201.700012, -7.27548218, 0.74314636, -0.669131517, 0, 0, 0, -1, 0.669131517, 0.74314636, 0)] = 'Structure',[2] = 'Seat_Couch'},
{[CFrame.new(-2.77249146, 201.700012, -6.82598877, 0.866026044, -0.50000006, 0, 0, 0, -1, 0.50000006, 0.866026044, 0)] = 'Structure',[2] = 'Seat_Couch'},
{[CFrame.new(3.63641357, 201.700012, -6.32678223, 3.7252903e-07, -1, 0, 0, 0, -1, 1, 3.7252903e-07, 0)] = 'Structure',[2] = 'Seat_Couch'},
{[CFrame.new(-5.65222168, 201.700012, -4.08879089, 0.994525194, 0.104529105, 0, 0, 0, -1, -0.104529105, 0.994525194, 0)] = 'Structure',[2] = 'Seat_Couch'},
{[CFrame.new(-4.8918457, 201.700012, -5.19700623, 0.994525492, -0.104528449, 0, 0, 0, -1, 0.104528442, 0.994525492, 0)] = 'Structure',[2] = 'Seat_Couch'},
{[CFrame.new(2.4548645, 201.700012, -6.96707153, 0.207911685, -0.978147626, 0, 0, 0, -1, 0.978147626, 0.207911715, 0)] = 'Structure',[2] = 'Seat_Couch'},
{[CFrame.new(-3.91781616, 201.700012, -6.12277222, 0.95105952, -0.309017718, 0, 0, 0, -1, 0.309017718, 0.95105952, 0)] = 'Structure',[2] = 'Seat_Couch'},
{[CFrame.new(2.33276367, 201.700012, -5.197052, 0.994521856, 0.104528882, 0, 0, 0, -1, -0.104528882, 0.994521856, 0)] = 'Structure',[2] = 'Seat_Couch'},
{[CFrame.new(-4.68759155, 201.700012, -1.95587158, -0.406737328, 0.913549364, 0, 0, 0, -1, -0.913548887, -0.406739265, 0)] = 'Structure',[2] = 'Seat_Couch'},
{[CFrame.new(1.41439819, 201.700012, -5.59089661, 0.951056421, 0.309017271, 0, 0, 0, -1, -0.309017271, 0.951056421, 0)] = 'Structure',[2] = 'Seat_Couch'},
{[CFrame.new(4.33883667, 201.700012, -3.02903748, 0.866028666, -0.50000155, 0, 0, 0, -1, 0.50000155, 0.866028666, 0)] = 'Structure',[2] = 'Seat_Couch'},
{[CFrame.new(-0.564422607, 201.700012, -5.77180481, 0.743144214, 0.669131875, 0, 0, 0, -1, -0.669130445, 0.743145823, 0)] = 'Structure',[2] = 'Seat_Couch'},
{[CFrame.new(3.1489563, 201.700012, -4.62068176, 0.994521976, -0.104528263, 0, 0, 0, -1, 0.104528263, 0.994521976, 0)] = 'Structure',[2] = 'Seat_Couch'},
{[CFrame.new(-4.39239502, 201.700012, -2.91059875, -0.207914591, 0.97814697, 0, 0, 0, -1, -0.97814697, -0.207914591, 0)] = 'Structure',[2] = 'Seat_Couch'},
{[CFrame.new(0.434570312, 201.700012, -5.78538513, 0.866025269, 0.500000298, 0, 0, 0, -1, -0.500000298, 0.866025269, 0)] = 'Structure',[2] = 'Seat_Couch'},
{[CFrame.new(-3.90460205, 201.700012, -3.78234863, -2.98023497e-06, 1.00000167, 0, 0, 0, -1, -1.00000167, -2.87592684e-06, 0)] = 'Structure',[2] = 'Seat_Couch'},
{[CFrame.new(3.8274231, 201.700012, -3.88751221, 0.951060534, -0.309018016, 0, 0, 0, -1, 0.309018016, 0.951060534, 0)] = 'Structure',[2] = 'Seat_Couch'},
{[CFrame.new(-3.24645996, 201.700012, -4.53388977, 0.207891569, 0.978152752, 0, 0, 0, -1, -0.978149295, 0.207899123, 0)] = 'Structure',[2] = 'Seat_Couch'},
{[CFrame.new(-2.44589233, 201.700012, -5.13235474, 0.406732112, 0.913547516, 0, 0, 0, -1, -0.913547516, 0.406732112, 0)] = 'Structure',[2] = 'Seat_Couch'},
{[CFrame.new(-1.53875732, 201.700012, -5.55090332, 0.587786674, 0.809020579, 0, 0, 0, -1, -0.809020817, 0.587786973, 0)] = 'Structure',[2] = 'Seat_Couch'},
{[CFrame.new(8.01431274, 201.700012, -8.52935791, 0.866025209, 0.500000119, 0, 0, 0, -1, -0.500000119, 0.866025209, 0)] = 'Structure',[2] = 'Seat_Couch'},
{[CFrame.new(-9.61276245, 201.700012, -6.32983398, -0.74314487, 0.669130802, 0, 0, 0, -1, -0.669130802, -0.74314487, 0)] = 'Structure',[2] = 'Seat_Couch'},
{[CFrame.new(-6.62487793, 201.700012, -9.78146362, -0.406739354, 0.913544357, 0, 0, 0, -1, -0.913544357, -0.406739354, 0)] = 'Structure',[2] = 'Seat_Couch'},
{[CFrame.new(-8.29995728, 201.700012, -8.21252441, -0.587781191, 0.809019983, 0, 0, 0, -1, -0.809019923, -0.587781191, 0)] = 'Structure',[2] = 'Seat_Couch'},
{[CFrame.new(9.39944458, 201.700012, -6.6991272, 0.951056302, 0.30901742, 0, 0, 0, -1, -0.30901742, 0.951056302, 0)] = 'Structure',[2] = 'Seat_Couch'},
{[CFrame.new(-0.213470459, 201.700012, -12.0033264, 0.207906827, 0.978148758, 0, 0, 0, -1, -0.978148758, 0.207906827, 0)] = 'Structure',[2] = 'Seat_Couch'},
{[CFrame.new(-4.65982056, 201.700012, -10.9672241, -0.207915634, 0.978150249, 0, 0, 0, -1, -0.978150249, -0.207915425, 0)] = 'Structure',[2] = 'Seat_Couch'},
{[CFrame.new(6.27932739, 201.700012, -10.0318909, 0.743144751, 0.669131041, 0, 0, 0, -1, -0.669131041, 0.743144751, 0)] = 'Structure',[2] = 'Seat_Couch'},
{[CFrame.new(-2.49145508, 201.700012, -11.71875, -4.07847911e-05, 1, 0, 0, 0, -1, -1, -4.07847911e-05, 0)] = 'Structure',[2] = 'Seat_Couch'},
{[CFrame.new(4.26971436, 201.700012, -11.1407471, 0.587783992, 0.809019983, 0, 0, 0, -1, -0.809016585, 0.587786555, 0)] = 'Structure',[2] = 'Seat_Couch'},
{[CFrame.new(-10.5057983, 201.700012, -4.21525574, -0.866025388, 0.49999994, 0, 0, 0, -1, -0.49999994, -0.866025388, 0)] = 'Structure',[2] = 'Seat_Couch'},
{[CFrame.new(2.07351685, 201.700012, -11.8075867, 0.406734556, 0.913546383, 0, 0, 0, -1, -0.913546443, 0.406734556, 0)] = 'Structure',[2] = 'Seat_Couch'},
{[CFrame.new(-10.9393005, 201.700012, -1.96160889, -0.951056123, 0.309016883, 0, 0, 0, -1, -0.309016883, -0.951056123, 0)] = 'Structure',[2] = 'Seat_Couch'},
{[CFrame.new(10.8942566, 201.700012, -2.38552856, 0.994521976, -0.104528174, 0, 0, 0, -1, 0.104528174, 0.994521976, 0)] = 'Structure',[2] = 'Seat_Couch'},
{[CFrame.new(10.3734436, 201.700012, -4.62071228, 0.994522214, 0.10452874, 0, 0, 0, -1, -0.10452874, 0.994522214, 0)] = 'Structure',[2] = 'Seat_Couch'},
{[CFrame.new(18.1188354, 201.700012, -2.38548279, 0.994522214, 0.104528829, 0, 0, 0, -1, -0.104528829, 0.994522214, 0)] = 'Structure',[2] = 'Seat_Couch'},
{[CFrame.new(-13.1340942, 201.700012, -13.5813293, -0.743141472, 0.669134557, 0, 0, 0, -1, -0.669134259, -0.743141651, 0)] = 'Structure',[2] = 'Seat_Couch'},
{[CFrame.new(-3.24694824, 201.700012, -18.9036255, -0.20795159, 0.978139162, 0, 0, 0, -1, -0.978139162, -0.20795159, 0)] = 'Structure',[2] = 'Seat_Couch'},
{[CFrame.new(-17.1057434, 201.700012, -7.15371704, -0.951056242, 0.309016854, 0, 0, 0, -1, -0.309016854, -0.951056242, 0)] = 'Structure',[2] = 'Seat_Couch'},
{[CFrame.new(11.1134949, 201.700012, -15.4008179, 0.587786019, 0.809018493, 0, 0, 0, -1, -0.809018493, 0.587786019, 0)] = 'Structure',[2] = 'Seat_Couch'},
{[CFrame.new(13.8590698, 201.700012, -12.7758484, 0.743144095, 0.669130206, 0, 0, 0, -1, -0.669130206, 0.743144095, 0)] = 'Structure',[2] = 'Seat_Couch'},
{[CFrame.new(15.9994812, 201.700012, -9.63763428, 0.866024792, 0.500000179, 0, 0, 0, -1, -0.500000179, 0.866024792, 0)] = 'Structure',[2] = 'Seat_Couch'},
{[CFrame.new(17.440155, 201.700012, -6.12277222, 0.951058745, 0.309017986, 0, 0, 0, -1, -0.309017986, 0.951058745, 0)] = 'Structure',[2] = 'Seat_Couch'},
{[CFrame.new(-15.45755, 201.700012, -10.5762939, -0.866026103, 0.500000536, 0, 0, 0, -1, -0.500000536, -0.866026103, 0)] = 'Structure',[2] = 'Seat_Couch'},
{[CFrame.new(-18.0059204, 201.700012, -3.46360779, -0.994519055, 0.104528189, 0, 0, 0, -1, -0.104528189, -0.994519055, 0)] = 'Structure',[2] = 'Seat_Couch'},
{[CFrame.new(0.541687012, 201.700012, -19.1883545, -5.02169405e-06, 1.00000083, 0, 0, 0, -1, -1.00000083, -5.02169405e-06, 0)] = 'Structure',[2] = 'Seat_Couch'},
{[CFrame.new(4.30603027, 201.700012, -18.6785278, 0.207909435, 0.978148103, 0, 0, 0, -1, -0.97814858, 0.20790951, 0)] = 'Structure',[2] = 'Seat_Couch'},
{[CFrame.new(-6.89242554, 201.700012, -17.8381653, -0.406740189, 0.91354394, 0, 0, 0, -1, -0.91354394, -0.406740159, 0)] = 'Structure',[2] = 'Seat_Couch'},
{[CFrame.new(7.88192749, 201.700012, -17.3973694, 0.406734914, 0.913546205, 0, 0, 0, -1, -0.913546264, 0.406734914, 0)] = 'Structure',[2] = 'Seat_Couch'},
{[CFrame.new(-10.2371216, 201.700012, -16.0380249, -0.587788045, 0.80901587, 0, 0, 0, -1, -0.80901587, -0.587788045, 0)] = 'Structure',[2] = 'Seat_Couch'},
{[CFrame.new(18.6931763, 201.700012, -18.1446533, 0.587785184, 0.809017062, 0, 0, 0, -1, -0.809017062, 0.587785184, 0)] = 'Structure',[2] = 'Seat_Couch'},
{[CFrame.new(-10.5047607, 201.700012, -24.0947571, -0.587788641, 0.809015155, 0, 0, 0, -1, -0.809015155, -0.587788582, 0)] = 'Structure',[2] = 'Seat_Couch'},
{[CFrame.new(14.7257996, 201.700012, -21.6575317, 0.406737745, 0.913548589, 0, 0, 0, -1, -0.913548589, 0.406737745, 0)] = 'Structure',[2] = 'Seat_Couch'},
{[CFrame.new(5.06115723, 201.700012, -25.8634949, -2.86102772e-06, 1.00000024, 0, 0, 0, -1, -1.00000334, -1.80304028e-06, 0)] = 'Structure',[2] = 'Seat_Couch'},
{[CFrame.new(10.1144409, 201.700012, -24.2683411, 0.207909763, 0.978147805, 0, 0, 0, -1, -0.978148162, 0.207909882, 0)] = 'Structure',[2] = 'Seat_Couch'},
{[CFrame.new(-15.0712891, 201.700012, -21.4068909, -0.743146896, 0.669128418, 0, 0, 0, -1, -0.669128418, -0.743146896, 0)] = 'Structure',[2] = 'Seat_Couch'},
{[CFrame.new(24.0400696, 201.700012, -9.0612793, 0.866029561, 0.500002682, 0, 0, 0, -1, -0.500002682, 0.866029561, 0)] = 'Structure',[2] = 'Seat_Couch'},
{[CFrame.new(-0.213531494, 201.700012, -26.3733521, -0.207916617, 0.978146553, 0, 0, 0, -1, -0.978146553, -0.207916617, 0)] = 'Structure',[2] = 'Seat_Couch'},
{[CFrame.new(-5.47967529, 201.700012, -25.7745056, -0.406774074, 0.913529277, 0, 0, 0, -1, -0.913529277, -0.406774074, 0)] = 'Structure',[2] = 'Seat_Couch'},
{[CFrame.new(25.1855774, 201.700012, -3.88757324, 0.951058745, 0.309018046, 0, 0, 0, -1, -0.309018046, 0.951058745, 0)] = 'Structure',[2] = 'Seat_Couch'},
{[CFrame.new(21.8442383, 201.700012, -13.8841553, 0.743142247, 0.669128895, 0, 0, 0, -1, -0.669128895, 0.743142247, 0)] = 'Structure',[2] = 'Seat_Couch'},
{[CFrame.new(-15.3389282, 201.700012, -29.4635925, -0.743149996, 0.669130147, 0, 0, 0, -1, -0.669130087, -0.743149817, 0)] = 'Structure',[2] = 'Seat_Couch'},
{[CFrame.new(22.3053894, 201.700012, -24.4012451, 0.406736553, 0.913545609, 0, 0, 0, -1, -0.913545609, 0.406736553, 0)] = 'Structure',[2] = 'Seat_Couch'},
{[CFrame.new(31.785614, 201.700012, -6.82611084, 0.866029501, 0.500002682, 0, 0, 0, -1, -0.500002682, 0.866029501, 0)] = 'Structure',[2] = 'Seat_Couch'},
{[CFrame.new(-9.09222412, 201.700012, -32.0309753, -0.587819993, 0.808995485, 0, 0, 0, -1, -0.808995485, -0.587819993, 0)] = 'Structure',[2] = 'Seat_Couch'},
{[CFrame.new(29.8849487, 201.700012, -13.3078308, 0.743144691, 0.669130802, 0, 0, 0, -1, -0.669130802, 0.743144691, 0)] = 'Structure',[2] = 'Seat_Couch'},
{[CFrame.new(10.8695679, 201.700012, -31.4533691, -2.50339576e-06, 0.999998748, 0, 0, 0, -1, -1.00000095, -1.29639966e-06, 0)] = 'Structure',[2] = 'Seat_Couch'},
{[CFrame.new(32.2969055, 201.700012, -0.090637207, 0.951058745, 0.309018075, 0, 0, 0, -1, -0.309018075, 0.951058745, 0)] = 'Structure',[2] = 'Seat_Couch'},
{[CFrame.new(16.9582825, 201.700012, -28.5285339, 0.207911387, 0.978147626, 0, 0, 0, -1, -0.978147626, 0.207911402, 0)] = 'Structure',[2] = 'Seat_Couch'},
{[CFrame.new(-2.44613647, 201.700012, -33.2442322, -0.406741261, 0.913543463, 0, 0, 0, -1, -0.913543463, -0.406741261, 0)] = 'Structure',[2] = 'Seat_Couch'},
{[CFrame.new(26.6783447, 201.700012, -19.2529907, 0.587784946, 0.80901736, 0, 0, 0, -1, -0.80901736, 0.587784946, 0)] = 'Structure',[2] = 'Seat_Couch'},
{[CFrame.new(4.30593872, 201.700012, -33.048645, -0.20791693, 0.978146493, 0, 0, 0, -1, -0.978146493, -0.20791693, 0)] = 'Structure',[2] = 'Seat_Couch'},
{[CFrame.new(-13.9266052, 201.700012, -37.3997498, -0.743172109, 0.669100285, 0, 0, 0, -1, -0.669100285, -0.743172109, 0)] = 'Structure',[2] = 'Seat_Couch'},
{[CFrame.new(30.2906494, 201.700012, -25.5097351, 0.406736553, 0.913546443, 0, 0, 0, -1, -0.913546443, 0.406736553, 0)] = 'Structure',[2] = 'Seat_Couch'},
{[CFrame.new(38.8969116, 201.700012, -3.02915955, 0.866029441, 0.500002742, 0, 0, 0, -1, -0.500002742, 0.866029441, 0)] = 'Structure',[2] = 'Seat_Couch'},
{[CFrame.new(17.7134094, 201.700012, -35.7135315, -3.57627812e-07, 0.999999821, 0, 0, 0, -1, -0.999999821, -2.53319683e-07, 0)] = 'Structure',[2] = 'Seat_Couch'},
{[CFrame.new(34.7191162, 201.700012, -18.6767578, 0.587785125, 0.809017301, 0, 0, 0, -1, -0.809017301, 0.587785125, 0)] = 'Structure',[2] = 'Seat_Couch'},
{[CFrame.new(37.6304016, 201.700012, -11.0726318, 0.743144631, 0.669130802, 0, 0, 0, -1, -0.669130802, 0.743144631, 0)] = 'Structure',[2] = 'Seat_Couch'},
{[CFrame.new(24.5378723, 201.700012, -31.2722168, 0.207911715, 0.978148401, 0, 0, 0, -1, -0.978148401, 0.207911715, 0)] = 'Structure',[2] = 'Seat_Couch'},
{[CFrame.new(10.1143494, 201.700012, -38.6384277, -0.207917571, 0.978144586, 0, 0, 0, -1, -0.978148282, -0.207914308, 0)] = 'Structure',[2] = 'Seat_Couch'},
{[CFrame.new(2.07342529, 201.700012, -39.9196167, -0.40674156, 0.913543284, 0, 0, 0, -1, -0.913543284, -0.40674156, 0)] = 'Structure',[2] = 'Seat_Couch'},
{[CFrame.new(-6.05844116, 201.700012, -39.500946, -0.587789536, 0.80901438, 0, 0, 0, -1, -0.80901438, -0.587789536, 0)] = 'Structure',[2] = 'Seat_Couch'},
{[CFrame.new(16.9582214, 201.700012, -42.8984985, -0.207912102, 0.978146315, 0, 0, 0, -1, -0.978146315, -0.207911417, 0)] = 'Structure',[2] = 'Seat_Couch'},
{[CFrame.new(38.3313904, 201.700012, -24.9335022, 0.40673691, 0.913546681, 0, 0, 0, -1, -0.913546681, 0.40673691, 0)] = 'Structure',[2] = 'Seat_Couch'},
{[CFrame.new(44.7417603, 201.700012, -7.27575684, 0.743144572, 0.669130862, 0, 0, 0, -1, -0.669130862, 0.743144572, 0)] = 'Structure',[2] = 'Seat_Couch'},
{[CFrame.new(7.88174438, 201.700012, -45.509491, -0.406749099, 0.913538277, 0, 0, 0, -1, -0.913543999, -0.406741261, 0)] = 'Structure',[2] = 'Seat_Couch'},
{[CFrame.new(-1.53894043, 201.700012, -46.1763611, -0.587789655, 0.809013844, 0, 0, 0, -1, -0.809013844, -0.587789655, 0)] = 'Structure',[2] = 'Seat_Couch'},
{[CFrame.new(42.4645691, 201.700012, -16.4415283, 0.587784946, 0.809017062, 0, 0, 0, -1, -0.809017062, 0.587784946, 0)] = 'Structure',[2] = 'Seat_Couch'},
{[CFrame.new(-10.8927612, 201.700012, -44.8698425, -0.743150175, 0.669128716, 0, 0, 0, -1, -0.669128716, -0.743150175, 0)] = 'Structure',[2] = 'Seat_Couch'},
{[CFrame.new(-6.37322998, 201.700012, -51.5452576, -0.743148625, 0.669126868, 0, 0, 0, -1, -0.669126868, -0.743148625, 0)] = 'Structure',[2] = 'Seat_Couch'},
{[CFrame.new(4.26931763, 201.700012, -51.7662048, -0.587805212, 0.809002519, 0, 0, 0, -1, -0.809002578, -0.587805212, 0)] = 'Structure',[2] = 'Seat_Couch'},
{[CFrame.new(14.725708, 201.700012, -49.7694092, -0.406738132, 0.913542569, 0, 0, 0, -1, -0.913542211, -0.406736761, 0)] = 'Structure',[2] = 'Seat_Couch'},
{[CFrame.new(50.9084778, 201.700012, -2.08317566, 0.743144453, 0.669130981, 0, 0, 0, -1, -0.669130981, 0.743144453, 0)] = 'Structure',[2] = 'Seat_Couch'},
{[CFrame.new(46.0768127, 201.700012, -22.6981201, 0.406736076, 0.913544774, 0, 0, 0, -1, -0.913544774, 0.406736076, 0)] = 'Structure',[2] = 'Seat_Couch'},
{[CFrame.new(49.5758972, 201.700012, -12.6446228, 0.587785006, 0.809017241, 0, 0, 0, -1, -0.809017241, 0.587785006, 0)] = 'Structure',[2] = 'Seat_Couch'},
{[CFrame.new(-12.2180481, 201.700012, -55.791748, -0.866030097, 0.499996603, 0, 0, 0, -1, -0.499996603, -0.866030097, 0)] = 'Structure',[2] = 'Seat_Couch'},
{[CFrame.new(11.1134949, 201.700012, -56.0259399, -0.587790787, 0.809013009, 0, 0, 0, -1, -0.809013009, -0.587790787, 0)] = 'Structure',[2] = 'Seat_Couch'},
{[CFrame.new(55.7426758, 201.700012, -7.45211792, 0.587784708, 0.809017181, 0, 0, 0, -1, -0.809017181, 0.587784708, 0)] = 'Structure',[2] = 'Seat_Couch'},
{[CFrame.new(-0.565063477, 201.700012, -57.1349792, -0.743161559, 0.669112265, 0, 0, 0, -1, -0.669112563, -0.74316144, 0)] = 'Structure',[2] = 'Seat_Couch'},
{[CFrame.new(48.3092957, 201.700012, -29.5690002, 0.207911432, 0.978147686, 0, 0, 0, -1, -0.978147686, 0.207911432, 0)] = 'Structure',[2] = 'Seat_Couch'},
{[CFrame.new(22.3052063, 201.700012, -52.5131836, -0.406736791, 0.91354543, 0, 0, 0, -1, -0.91354543, -0.406736791, 0)] = 'Structure',[2] = 'Seat_Couch'},
{[CFrame.new(53.1881714, 201.700012, -18.9013062, 0.406736493, 0.913546026, 0, 0, 0, -1, -0.913546026, 0.406736493, 0)] = 'Structure',[2] = 'Seat_Couch'},
{[CFrame.new(18.6929016, 201.700012, -58.7698364, -0.587785602, 0.809017301, 0, 0, 0, -1, -0.809017301, -0.587785602, 0)] = 'Structure',[2] = 'Seat_Couch'},
{[CFrame.new(60.6939087, 201.700012, -1.09086609, 0.587785244, 0.809017539, 0, 0, 0, -1, -0.809017539, 0.587785244, 0)] = 'Structure',[2] = 'Seat_Couch'},
{[CFrame.new(59.35495, 201.700012, -13.7088013, 0.406735778, 0.913544714, 0, 0, 0, -1, -0.913544714, 0.406735778, 0)] = 'Structure',[2] = 'Seat_Couch'},
{[CFrame.new(6.27935791, 201.700012, -61.3947754, -0.7431494, 0.669125557, 0, 0, 0, -1, -0.669125557, -0.7431494, 0)] = 'Structure',[2] = 'Seat_Couch'},
{[CFrame.new(-6.41009521, 201.700012, -61.3813171, -0.866039634, 0.499978602, 0, 0, 0, -1, -0.49998039, -0.86603862, 0)] = 'Structure',[2] = 'Seat_Couch'},
{[CFrame.new(55.4205933, 201.700012, -25.7722778, 0.207912013, 0.978150964, 0, 0, 0, -1, -0.978150964, 0.207912013, 0)] = 'Structure',[2] = 'Seat_Couch'},
{[CFrame.new(0.43460083, 201.700012, -65.6412354, -0.866028905, 0.499994218, 0, 0, 0, -1, -0.499994218, -0.866028905, 0)] = 'Structure',[2] = 'Seat_Couch'},
{[CFrame.new(61.5874634, 201.700012, -20.5797729, 0.207910836, 0.978145719, 0, 0, 0, -1, -0.978145719, 0.207910851, 0)] = 'Structure',[2] = 'Seat_Couch'},
{[CFrame.new(64.3062134, 201.700012, -7.34750366, 0.406737536, 0.91354835, 0, 0, 0, -1, -0.91354835, 0.406737536, 0)] = 'Structure',[2] = 'Seat_Couch'},
{[CFrame.new(13.8587341, 201.700012, -64.1387939, -0.743147314, 0.66913271, 0, 0, 0, -1, -0.66913271, -0.743147314, 0)] = 'Structure',[2] = 'Seat_Couch'},
{[CFrame.new(-13.0103149, 201.700012, -64.3196716, -0.951062858, 0.308997363, 0, 0, 0, -1, -0.308997333, -0.951062918, 0)] = 'Structure',[2] = 'Seat_Couch'},
{[CFrame.new(-6.1652832, 201.700012, -68.5796814, -0.95105952, 0.309010804, 0, 0, 0, -1, -0.309010804, -0.95105952, 0)] = 'Structure',[2] = 'Seat_Couch'},
{[CFrame.new(8.01385498, 201.700012, -68.3853149, -0.866025448, 0.499999881, 0, 0, 0, -1, -0.499999881, -0.866025448, 0)] = 'Structure',[2] = 'Seat_Couch'},
{[CFrame.new(62.3425903, 201.700012, -27.76474, -4.91739229e-07, 0.999995947, 0, 0, 0, -1, -0.999995947, -4.61936907e-07, 0)] = 'Structure',[2] = 'Seat_Couch'},
{[CFrame.new(66.5387268, 201.700012, -14.2185059, 0.207911313, 0.978147686, 0, 0, 0, -1, -0.978147686, 0.207911313, 0)] = 'Structure',[2] = 'Seat_Couch'},
{[CFrame.new(67.8278809, 201.700012, -0.0957183838, 0.406744629, 0.913541853, 0, 0, 0, -1, -0.913541913, 0.406744629, 0)] = 'Structure',[2] = 'Seat_Couch'},
{[CFrame.new(21.8440857, 201.700012, -65.2476196, -0.743145227, 0.669130266, 0, 0, 0, -1, -0.669130266, -0.743145227, 0)] = 'Structure',[2] = 'Seat_Couch'},
{[CFrame.new(70.0604248, 201.700012, -6.96661377, 0.207920164, 0.97814554, 0, 0, 0, -1, -0.978145778, 0.207920268, 0)] = 'Structure',[2] = 'Seat_Couch'},
{[CFrame.new(1.41387939, 201.700012, -71.323761, -0.951056361, 0.309016824, 0, 0, 0, -1, -0.309016824, -0.951056361, 0)] = 'Structure',[2] = 'Seat_Couch'},
{[CFrame.new(67.2939148, 201.700012, -21.4034729, -3.7252903e-07, 1, 0, 0, 0, -1, -1, -3.7252903e-07, 0)] = 'Structure',[2] = 'Seat_Couch'},
{[CFrame.new(15.9992676, 201.700012, -69.4942017, -0.866026163, 0.499999762, 0, 0, 0, -1, -0.499999762, -0.866026163, 0)] = 'Structure',[2] = 'Seat_Couch'},
{[CFrame.new(71.9963989, 201.700012, 0.858322144, 0.207909048, 0.978149056, 0, 0, 0, -1, -0.978149056, 0.207909048, 0)] = 'Structure',[2] = 'Seat_Couch'},
{[CFrame.new(24.039917, 201.700012, -68.9176025, -0.866025925, 0.5, 0, 0, 0, -1, -0.5, -0.866025925, 0)] = 'Structure',[2] = 'Seat_Couch'},
{[CFrame.new(70.8156433, 201.700012, -14.1515503, 8.22543916e-06, 0.999998331, 0, 0, 0, -1, -0.999999881, 9.23871085e-06, 0)] = 'Structure',[2] = 'Seat_Couch'},
{[CFrame.new(9.39929199, 201.700012, -72.4327698, -0.951060295, 0.309017599, 0, 0, 0, -1, -0.309017599, -0.951060295, 0)] = 'Structure',[2] = 'Seat_Couch'},
{[CFrame.new(-5.65280151, 201.700012, -72.8258362, -0.994520485, 0.104528174, 0, 0, 0, -1, -0.104528174, -0.994520485, 0)] = 'Structure',[2] = 'Seat_Couch'},
{[CFrame.new(70.0605164, 201.700012, -21.3365173, -0.207906246, 0.978146017, 0, 0, 0, -1, -0.97814852, -0.207903609, 0)] = 'Structure',[2] = 'Seat_Couch'},
{[CFrame.new(2.33248901, 201.700012, -73.9348755, -0.994521976, 0.104527868, 0, 0, 0, -1, -0.104527868, -0.994521976, 0)] = 'Structure',[2] = 'Seat_Couch'},
{[CFrame.new(72.7515259, 201.700012, -6.3265686, -2.87591638e-06, 1, 0, 0, 0, -1, -1, -2.87591638e-06, 0)] = 'Structure',[2] = 'Seat_Couch'},
{[CFrame.new(17.4399719, 201.700012, -71.8561401, -0.951059818, 0.309017777, 0, 0, 0, -1, -0.309017777, -0.951059818, 0)] = 'Structure',[2] = 'Seat_Couch'},
{[CFrame.new(25.1856995, 201.700012, -69.6201782, -0.951056361, 0.309016466, 0, 0, 0, -1, -0.309016466, -0.951056361, 0)] = 'Structure',[2] = 'Seat_Couch'},
{[CFrame.new(73.0197449, 201.700012, 1.7303009, 6.70553845e-07, 1, 0, 0, 0, -1, -1, 6.70553845e-07, 0)] = 'Structure',[2] = 'Seat_Couch'},
{[CFrame.new(71.9963379, 201.700012, -13.5114136, -0.207914516, 0.97814703, 0, 0, 0, -1, -0.97814703, -0.207914516, 0)] = 'Structure',[2] = 'Seat_Couch'},
{[CFrame.new(-4.89221191, 201.700012, -73.934845, -0.994521856, -0.104529075, 0, 0, 0, -1, 0.104529075, -0.994521856, 0)] = 'Structure',[2] = 'Seat_Couch'},
{[CFrame.new(10.3731995, 201.700012, -73.3581543, -0.994521976, 0.104528219, 0, 0, 0, -1, -0.104528219, -0.994521976, 0)] = 'Structure',[2] = 'Seat_Couch'},
{[CFrame.new(-11.9589539, 201.700012, -72.4327393, -0.951056361, -0.309017628, 0, 0, 0, -1, 0.309017628, -0.951056361, 0)] = 'Structure',[2] = 'Seat_Couch'},
{[CFrame.new(69.763855, 201.700012, -20.3822632, -0.406739354, 0.913544416, 0, 0, 0, -1, -0.913544416, -0.406739354, 0)] = 'Structure',[2] = 'Seat_Couch'},
{[CFrame.new(3.14865112, 201.700012, -73.3581848, -0.994522214, -0.104528785, 0, 0, 0, -1, 0.104528785, -0.994522214, 0)] = 'Structure',[2] = 'Seat_Couch'},
{[CFrame.new(18.1190491, 201.700012, -71.1222229, -0.994519711, 0.104527786, 0, 0, 0, -1, -0.104527786, -0.994519711, 0)] = 'Structure',[2] = 'Seat_Couch'},
{[CFrame.new(72.2645874, 201.700012, -5.45469666, -0.207911044, 0.978147745, 0, 0, 0, -1, -0.978147745, -0.207911044, 0)] = 'Structure',[2] = 'Seat_Couch'},
{[CFrame.new(70.8517151, 201.700012, 2.48156738, -0.207910731, 0.978147805, 0, 0, 0, -1, -0.978147805, -0.207910731, 0)] = 'Structure',[2] = 'Seat_Couch'},
{[CFrame.new(25.2302856, 201.700012, -67.3257446, -0.994522035, 0.104528069, 0, 0, 0, -1, -0.104528069, -0.994522035, 0)] = 'Structure',[2] = 'Seat_Couch'},
{[CFrame.new(-3.91809082, 201.700012, -71.8561096, -0.951058745, -0.309018016, 0, 0, 0, -1, 0.309018016, -0.951058745, 0)] = 'Structure',[2] = 'Seat_Couch'},
{[CFrame.new(70.032074, 201.700012, -12.3256226, -0.406736076, 0.913545787, 0, 0, 0, -1, -0.913545787, -0.406736076, 0)] = 'Structure',[2] = 'Seat_Couch'},
{[CFrame.new(66.1516113, 201.700012, -26.638855, -0.587788165, 0.809016109, 0, 0, 0, -1, -0.809016109, -0.587788165, 0)] = 'Structure',[2] = 'Seat_Couch'},
{[CFrame.new(10.8945923, 201.700012, -71.1222839, -0.994517446, -0.104528442, 0, 0, 0, -1, 0.104528442, -0.994517446, 0)] = 'Structure',[2] = 'Seat_Couch'},
{[CFrame.new(3.82791138, 201.700012, -69.6202698, -0.951056421, -0.30901742, 0, 0, 0, -1, 0.30901742, -0.951056421, 0)] = 'Structure',[2] = 'Seat_Couch'},
{[CFrame.new(18.0058289, 201.700012, -67.3257141, -0.994522393, -0.104528934, 0, 0, 0, -1, 0.104528934, -0.994522393, 0)] = 'Structure',[2] = 'Seat_Couch'},
{[CFrame.new(66.4197998, 201.700012, -18.5822449, -0.587785006, 0.809017777, 0, 0, 0, -1, -0.809017777, -0.587785006, 0)] = 'Structure',[2] = 'Seat_Couch'},
{[CFrame.new(68.6192017, 201.700012, -4.38943481, -0.406735748, 0.913545847, 0, 0, 0, -1, -0.913545847, -0.406735748, 0)] = 'Structure',[2] = 'Seat_Couch'},
{[CFrame.new(-10.5180359, 201.700012, -68.917572, -0.866029561, -0.500002682, 0, 0, 0, -1, 0.500002682, -0.866029561, 0)] = 'Structure',[2] = 'Seat_Couch'},
{[CFrame.new(24.1720581, 201.700012, -62.1330566, -0.994522333, -0.104528978, 0, 0, 0, -1, 0.104528978, -0.994522333, 0)] = 'Structure',[2] = 'Seat_Couch'},
{[CFrame.new(61.5856628, 201.700012, -23.9510803, -0.743146896, 0.669133365, 0, 0, 0, -1, -0.669133365, -0.743146896, 0)] = 'Structure',[2] = 'Seat_Couch'},
{[CFrame.new(10.9392395, 201.700012, -65.8236084, -0.951059997, -0.309018552, 0, 0, 0, -1, 0.309018552, -0.951059997, 0)] = 'Structure',[2] = 'Seat_Couch'},
{[CFrame.new(-2.77203369, 201.700012, -66.6817322, -0.866025388, -0.500000477, 0, 0, 0, -1, 0.500000477, -0.866025388, 0)] = 'Structure',[2] = 'Seat_Couch'},
{[CFrame.new(65.5859985, 201.700012, 3.07995605, -0.406742275, 0.913543046, 0, 0, 0, -1, -0.913542926, -0.406742334, 0)] = 'Structure',[2] = 'Seat_Couch'},
{[CFrame.new(65.0069275, 201.700012, -10.6461182, -0.58778441, 0.809017599, 0, 0, 0, -1, -0.809017599, -0.58778441, 0)] = 'Structure',[2] = 'Seat_Couch'},
{[CFrame.new(17.1052856, 201.700012, -60.6309814, -0.95105958, -0.309018493, 0, 0, 0, -1, 0.309018493, -0.95105958, 0)] = 'Structure',[2] = 'Seat_Couch'},
{[CFrame.new(4.3392334, 201.700012, -62.8851013, -0.86602515, -0.500000358, 0, 0, 0, -1, 0.500000358, -0.86602515, 0)] = 'Structure',[2] = 'Seat_Couch'},
{[CFrame.new(-8.61682129, 201.700012, -62.4352112, -0.743145823, -0.669131994, 0, 0, 0, -1, 0.669131994, -0.743145823, 0)] = 'Structure',[2] = 'Seat_Couch'},
{[CFrame.new(61.9736633, 201.700012, -3.17660522, -0.587790191, 0.809013963, 0, 0, 0, -1, -0.809013307, -0.587790728, 0)] = 'Structure',[2] = 'Seat_Couch'},
{[CFrame.new(60.1727295, 201.700012, -16.0149841, -0.743144095, 0.669131398, 0, 0, 0, -1, -0.669131398, -0.743144095, 0)] = 'Structure',[2] = 'Seat_Couch'},
{[CFrame.new(57.1393433, 201.700012, -8.54544067, -0.743148863, 0.669126093, 0, 0, 0, -1, -0.669126093, -0.743148863, 0)] = 'Structure',[2] = 'Seat_Couch'},
{[CFrame.new(22.0565491, 201.700012, -54.269989, -0.95105648, -0.309017241, 0, 0, 0, -1, 0.309017271, -0.95105648, 0)] = 'Structure',[2] = 'Seat_Couch'},
{[CFrame.new(57.4544983, 201.700012, 3.49888611, -0.587783813, 0.809018075, 0, 0, 0, -1, -0.809018075, -0.587783813, 0)] = 'Structure',[2] = 'Seat_Couch'},
{[CFrame.new(54.3279724, 201.700012, -20.2615051, -0.866024852, 0.500001013, 0, 0, 0, -1, -0.500001013, -0.866024852, 0)] = 'Structure',[2] = 'Seat_Couch'},
{[CFrame.new(-1.50552368, 201.700012, -58.6386108, -0.743144333, -0.669130802, 0, 0, 0, -1, 0.669130802, -0.743144333, 0)] = 'Structure',[2] = 'Seat_Couch'},
{[CFrame.new(10.505249, 201.700012, -57.6923828, -0.866025209, -0.500000417, 0, 0, 0, -1, 0.500000417, -0.866025209, 0)] = 'Structure',[2] = 'Seat_Couch'},
{[CFrame.new(47.7279663, 201.700012, -23.2000122, -0.951056182, 0.309018075, 0, 0, 0, -1, -0.309018075, -0.951056182, 0)] = 'Structure',[2] = 'Seat_Couch'},
{[CFrame.new(-6.33966064, 201.700012, -53.2697449, -0.587783873, -0.809016049, 0, 0, 0, -1, 0.809016049, -0.587783873, 0)] = 'Structure',[2] = 'Seat_Couch'},
{[CFrame.new(52.6203003, 201.700012, -1.86999512, -0.743143737, 0.669131994, 0, 0, 0, -1, -0.669131994, -0.743143737, 0)] = 'Structure',[2] = 'Seat_Couch'},
{[CFrame.new(51.2945557, 201.700012, -12.7919312, -0.866028428, 0.499994814, 0, 0, 0, -1, -0.499994814, -0.866028428, 0)] = 'Structure',[2] = 'Seat_Couch'},
{[CFrame.new(15.4565735, 201.700012, -51.3314514, -0.866025627, -0.500000417, 0, 0, 0, -1, 0.500000536, -0.866025627, 0)] = 'Structure',[2] = 'Seat_Couch'},
{[CFrame.new(4.66046143, 201.700012, -53.4458618, -0.743144631, -0.6691311, 0, 0, 0, -1, 0.6691311, -0.743144631, 0)] = 'Structure',[2] = 'Seat_Couch'},
