tab = {
{[CFrame.new(41.0121765, 62.7002411, 8.4854126, -0.707106888, -1.03939711e-20, -0.707106709, 1.06903958e-20, 1, 4.00889853e-21, 0.707106709, 4.72453093e-21, -0.707106888)] = 'LoneCave',[2] = 'Floor1Tiny'},
{[CFrame.new(39.598053, 61.499733, 9.89955139, 0.707106888, 1.03939711e-20, -0.707106709, -1.06903958e-20, -1, 4.00889853e-21, -0.707106709, -4.72453093e-21, -0.707106888)] = 'LoneCave',[2] = 'Wedge10_Thin'},
{[CFrame.new(39.598053, 61.7002182, 9.89955139, -0.707106888, -1.03939711e-20, -0.707106709, 1.06903958e-20, 1, 4.00889853e-21, 0.707106709, 4.72453093e-21, -0.707106888)] = 'LoneCave',[2] = 'Floor2Tiny'},
{[CFrame.new(41.2951355, 61.3002625, 8.20246887, 0.707106888, -1.03939711e-20, 0.707106709, -1.06903958e-20, 1, -4.00889853e-21, -0.707106709, 4.72453093e-21, 0.707106888)] = 'LoneCave',[2] = 'Wedge10_Thin'},
{[CFrame.new(41.2951355, 62.8997345, 8.20246887, 0.707106888, 1.03939711e-20, -0.707106709, -1.06903958e-20, -1, 4.00889853e-21, -0.707106709, -4.72453093e-21, -0.707106888)] = 'LoneCave',[2] = 'Wedge10_Thin'},
{[CFrame.new(40.0223389, 63.3002625, 9.47525024, -0.707106888, -1.03939711e-20, -0.707106709, 1.06903958e-20, 1, 4.00889853e-21, 0.707106709, 4.72453093e-21, -0.707106888)] = 'LoneCave',[2] = 'Wedge10_Thin'},
{[CFrame.new(39.598053, 63.499733, 9.89955139, 0.707106888, 1.03939711e-20, -0.707106709, -1.06903958e-20, -1, 4.00889853e-21, -0.707106709, -4.72453093e-21, -0.707106888)] = 'LoneCave',[2] = 'Wedge10_Thin'},
{[CFrame.new(39.5979614, 63.7002411, 9.89962769, -0.707106888, -1.03939711e-20, -0.707106709, 1.06903958e-20, 1, 4.00889853e-21, 0.707106709, 4.72453093e-21, -0.707106888)] = 'LoneCave',[2] = 'Floor1Tiny'},
{[CFrame.new(40.3050842, 62.7002411, 9.19252014, -0.707106888, -1.03939711e-20, -0.707106709, 1.06903958e-20, 1, 4.00889853e-21, 0.707106709, 4.72453093e-21, -0.707106888)] = 'LoneCave',[2] = 'Floor1Tiny'},
{[CFrame.new(40.3050842, 64.7002411, 9.19252014, -0.707106888, -1.03939711e-20, -0.707106709, 1.06903958e-20, 1, 4.00889853e-21, 0.707106709, 4.72453093e-21, -0.707106888)] = 'LoneCave',[2] = 'Floor1Tiny'},
{[CFrame.new(39.7396545, 64.5, 9.75794983, -1.13388771e-20, 0.707106888, -0.707106709, 1, -1.06903958e-20, 5.3451979e-21, 3.7796245e-21, -0.707106709, -0.707106888)] = 'LoneCave',[2] = 'Wedge10_Thin'},
{[CFrame.new(39.8807068, 65.0999985, 9.61689758, 9.44906508e-21, -0.707106888, -0.707106709, -1, 1.06903958e-20, 2.67259895e-21, -5.66943776e-21, 0.707106709, -0.707106888)] = 'LoneCave',[2] = 'Wedge10_Thin'},
{[CFrame.new(37.9008179, 61.6999969, 11.596756, 9.44906508e-21, -0.707106888, -0.707106709, -1, 1.06903958e-20, 2.67259895e-21, -5.66943776e-21, 0.707106709, -0.707106888)] = 'LoneCave',[2] = 'Wedge10_Thin'},
{[CFrame.new(38.0424194, 61.499733, 11.4551544, -0.707106888, 1.03939711e-20, 0.707106709, 1.06903958e-20, -1, -4.00889853e-21, 0.707106709, -4.72453093e-21, 0.707106888)] = 'LoneCave',[2] = 'Wedge10_Thin'},
{[CFrame.new(37.3352051, 60.7002411, 12.1623383, -0.707106888, -1.03939711e-20, -0.707106709, 1.06903958e-20, 1, 4.00889853e-21, 0.707106709, 4.72453093e-21, -0.707106888)] = 'LoneCave',[2] = 'Floor1Tiny'},
{[CFrame.new(28.9914551, 64.700264, 20.5061493, -0.707106888, -1.03939711e-20, -0.707106709, 1.06903958e-20, 1, 4.00889853e-21, 0.707106709, 4.72453093e-21, -0.707106888)] = 'LoneCave',[2] = 'Wedge10_Thin'},
{[CFrame.new(28.9914551, 62.700264, 20.5061493, -0.707106888, -1.03939711e-20, -0.707106709, 1.06903958e-20, 1, 4.00889853e-21, 0.707106709, 4.72453093e-21, -0.707106888)] = 'LoneCave',[2] = 'Wedge10_Thin'},
{[CFrame.new(28.9914551, 64.5002213, 20.5061493, -0.707106888, -1.03939711e-20, -0.707106709, 1.06903958e-20, 1, 4.00889853e-21, 0.707106709, 4.72453093e-21, -0.707106888)] = 'LoneCave',[2] = 'Floor2Tiny'},
{[CFrame.new(28.9914551, 64.3002167, 20.5061493, -0.707106888, -1.03939711e-20, -0.707106709, 1.06903958e-20, 1, 4.00889853e-21, 0.707106709, 4.72453093e-21, -0.707106888)] = 'LoneCave',[2] = 'Floor2Tiny'},
{[CFrame.new(28.9913635, 61.7002411, 20.5062256, -0.707106888, -1.03939711e-20, -0.707106709, 1.06903958e-20, 1, 4.00889853e-21, 0.707106709, 4.72453093e-21, -0.707106888)] = 'LoneCave',[2] = 'Floor1Tiny'},
{[CFrame.new(26.8701172, 61.9002228, 22.6274719, -0.707106888, -1.03939711e-20, -0.707106709, 1.06903958e-20, 1, 4.00889853e-21, 0.707106709, 4.72453093e-21, -0.707106888)] = 'LoneCave',[2] = 'Floor2Tiny'},
{[CFrame.new(28.2842712, 64.7002411, 21.2133484, -0.707106888, -1.03939711e-20, -0.707106709, 1.06903958e-20, 1, 4.00889853e-21, 0.707106709, 4.72453093e-21, -0.707106888)] = 'LoneCave',[2] = 'Floor1Tiny'},
{[CFrame.new(28.2842712, 60.7002411, 21.2133484, -0.707106888, -1.03939711e-20, -0.707106709, 1.06903958e-20, 1, 4.00889853e-21, 0.707106709, 4.72453093e-21, -0.707106888)] = 'LoneCave',[2] = 'Floor1Tiny'},
{[CFrame.new(27.5771484, 60.7002411, 21.9204407, -0.707106888, -1.03939711e-20, -0.707106709, 1.06903958e-20, 1, 4.00889853e-21, 0.707106709, 4.72453093e-21, -0.707106888)] = 'LoneCave',[2] = 'Floor1Tiny'},
{[CFrame.new(28.2842712, 62.7002411, 21.2133484, -0.707106888, -1.03939711e-20, -0.707106709, 1.06903958e-20, 1, 4.00889853e-21, 0.707106709, 4.72453093e-21, -0.707106888)] = 'LoneCave',[2] = 'Floor1Tiny'},
{[CFrame.new(26.8701172, 61.499733, 22.6274719, 0.707106888, 1.03939711e-20, -0.707106709, -1.06903958e-20, -1, 4.00889853e-21, -0.707106709, -4.72453093e-21, -0.707106888)] = 'LoneCave',[2] = 'Wedge10_Thin'},
{[CFrame.new(26.8701172, 61.7002182, 22.6274719, -0.707106888, -1.03939711e-20, -0.707106709, 1.06903958e-20, 1, 4.00889853e-21, 0.707106709, 4.72453093e-21, -0.707106888)] = 'LoneCave',[2] = 'Floor2Tiny'},
{[CFrame.new(28.5671997, 61.3002625, 20.9303894, 0.707106888, -1.03939711e-20, 0.707106709, -1.06903958e-20, 1, -4.00889853e-21, -0.707106709, 4.72453093e-21, 0.707106888)] = 'LoneCave',[2] = 'Wedge10_Thin'},
{[CFrame.new(28.5671997, 62.8997345, 20.9303894, 0.707106888, 1.03939711e-20, -0.707106709, -1.06903958e-20, -1, 4.00889853e-21, -0.707106709, -4.72453093e-21, -0.707106888)] = 'LoneCave',[2] = 'Wedge10_Thin'},
{[CFrame.new(27.2944336, 63.3002625, 22.203186, -0.707106888, -1.03939711e-20, -0.707106709, 1.06903958e-20, 1, 4.00889853e-21, 0.707106709, 4.72453093e-21, -0.707106888)] = 'LoneCave',[2] = 'Wedge10_Thin'},
{[CFrame.new(26.8701172, 63.499733, 22.6274719, 0.707106888, 1.03939711e-20, -0.707106709, -1.06903958e-20, -1, 4.00889853e-21, -0.707106709, -4.72453093e-21, -0.707106888)] = 'LoneCave',[2] = 'Wedge10_Thin'},
{[CFrame.new(26.8700562, 63.7002411, 22.6275482, -0.707106888, -1.03939711e-20, -0.707106709, 1.06903958e-20, 1, 4.00889853e-21, 0.707106709, 4.72453093e-21, -0.707106888)] = 'LoneCave',[2] = 'Floor1Tiny'},
{[CFrame.new(27.5771484, 62.7002411, 21.9204407, -0.707106888, -1.03939711e-20, -0.707106709, 1.06903958e-20, 1, 4.00889853e-21, 0.707106709, 4.72453093e-21, -0.707106888)] = 'LoneCave',[2] = 'Floor1Tiny'},
{[CFrame.new(27.5771484, 64.7002411, 21.9204407, -0.707106888, -1.03939711e-20, -0.707106709, 1.06903958e-20, 1, 4.00889853e-21, 0.707106709, 4.72453093e-21, -0.707106888)] = 'LoneCave',[2] = 'Floor1Tiny'},
{[CFrame.new(27.0117188, 64.5, 22.4858704, -1.2283784e-20, 0.707106888, -0.707106709, 1, -1.06903958e-20, 6.68149728e-21, 2.83471767e-21, -0.707106709, -0.707106888)] = 'LoneCave',[2] = 'Wedge10_Thin'},
{[CFrame.new(27.152771, 65.0999985, 22.3448181, 8.50415825e-21, -0.707106888, -0.707106709, -1, 1.06903958e-20, 1.33629948e-21, -6.61434418e-21, 0.707106709, -0.707106888)] = 'LoneCave',[2] = 'Wedge10_Thin'},
{[CFrame.new(28.9914551, 61.499733, 20.5061493, -0.707106888, 1.03939711e-20, 0.707106709, 1.06903958e-20, -1, -4.00889853e-21, 0.707106709, -4.72453093e-21, 0.707106888)] = 'LoneCave',[2] = 'Wedge10_Thin'},
{[CFrame.new(35.9210815, 61.499733, 13.5764618, 0.707106888, 1.03939711e-20, -0.707106709, -1.06903958e-20, -1, 4.00889853e-21, -0.707106709, -4.72453093e-21, -0.707106888)] = 'LoneCave',[2] = 'Wedge10_Thin'},
{[CFrame.new(36.3453674, 61.3002625, 13.1522064, -0.707106888, -1.03939711e-20, -0.707106709, 1.06903958e-20, 1, 4.00889853e-21, 0.707106709, 4.72453093e-21, -0.707106888)] = 'LoneCave',[2] = 'Wedge10_Thin'},
{[CFrame.new(36.6281128, 60.7002411, 12.8694458, -0.707106888, -1.03939711e-20, -0.707106709, 1.06903958e-20, 1, 4.00889853e-21, 0.707106709, 4.72453093e-21, -0.707106888)] = 'LoneCave',[2] = 'Floor1Tiny'},
{[CFrame.new(35.9210815, 61.7000122, 13.5764618, -0.707106888, -1.03939711e-20, -0.707106709, 1.06903958e-20, 1, 4.00889853e-21, 0.707106709, 4.72453093e-21, -0.707106888)] = 'LoneCave',[2] = 'Post'},
{[CFrame.new(34.2947388, 64.7002411, 15.2028503, -0.707106888, -1.03939711e-20, -0.707106709, 1.06903958e-20, 1, 4.00889853e-21, 0.707106709, 4.72453093e-21, -0.707106888)] = 'LoneCave',[2] = 'Floor1Tiny'},
{[CFrame.new(34.2948303, 60.7000122, 15.2027588, -0.707106888, -1.03939711e-20, -0.707106709, 1.06903958e-20, 1, 4.00889853e-21, 0.707106709, 4.72453093e-21, -0.707106888)] = 'LoneCave',[2] = 'Post'},
{[CFrame.new(33.5876465, 64.5, 15.9099579, -0.707106888, -1.03939711e-20, -0.707106709, 1.06903958e-20, 1, 4.00889853e-21, 0.707106709, 4.72453093e-21, -0.707106888)] = 'LoneCave',[2] = 'Floor2Tiny'},
{[CFrame.new(33.587738, 64.700264, 15.9098663, 0.707106888, -1.03939711e-20, 0.707106709, -1.06903958e-20, 1, -4.00889853e-21, -0.707106709, 4.72453093e-21, 0.707106888)] = 'LoneCave',[2] = 'Wedge10_Thin'},
{[CFrame.new(33.587738, 64.0997314, 15.9098663, -0.707106888, 1.03939711e-20, 0.707106709, 1.06903958e-20, -1, -4.00889853e-21, 0.707106709, -4.72453093e-21, 0.707106888)] = 'LoneCave',[2] = 'Wedge10_Thin'},
{[CFrame.new(33.5876465, 64.2999954, 15.9099579, -0.707106888, -1.03939711e-20, -0.707106709, 1.06903958e-20, 1, 4.00889853e-21, 0.707106709, 4.72453093e-21, -0.707106888)] = 'LoneCave',[2] = 'Floor2Tiny'},
{[CFrame.new(33.2341919, 63.5997314, 16.2634277, -0.707106888, 1.03939711e-20, 0.707106709, 1.06903958e-20, -1, -4.00889853e-21, 0.707106709, -4.72453093e-21, 0.707106888)] = 'LoneCave',[2] = 'Wedge10_Thin'},
{[CFrame.new(32.8806152, 63.700264, 16.6169739, -0.707106888, -1.03939711e-20, -0.707106709, 1.06903958e-20, 1, 4.00889853e-21, 0.707106709, 4.72453093e-21, -0.707106888)] = 'LoneCave',[2] = 'Wedge10_Thin'},
{[CFrame.new(32.8806152, 63.700264, 16.6169739, 0.707106888, -1.03939711e-20, 0.707106709, -1.06903958e-20, 1, -4.00889853e-21, -0.707106709, 4.72453093e-21, 0.707106888)] = 'LoneCave',[2] = 'Wedge10_Thin'},
{[CFrame.new(32.5270691, 63.5997314, 16.97052, 0.707106888, 1.03939711e-20, -0.707106709, -1.06903958e-20, -1, 4.00889853e-21, -0.707106709, -4.72453093e-21, -0.707106888)] = 'LoneCave',[2] = 'Wedge10_Thin'},
{[CFrame.new(31.4664001, 60.7000122, 18.031189, -0.707106888, -1.03939711e-20, -0.707106709, 1.06903958e-20, 1, 4.00889853e-21, 0.707106709, 4.72453093e-21, -0.707106888)] = 'LoneCave',[2] = 'Post'},
{[CFrame.new(32.1734314, 64.2999954, 17.324173, -0.707106888, -1.03939711e-20, -0.707106709, 1.06903958e-20, 1, 4.00889853e-21, 0.707106709, 4.72453093e-21, -0.707106888)] = 'LoneCave',[2] = 'Floor2Tiny'},
{[CFrame.new(32.1734314, 64.5, 17.324173, -0.707106888, -1.03939711e-20, -0.707106709, 1.06903958e-20, 1, 4.00889853e-21, 0.707106709, 4.72453093e-21, -0.707106888)] = 'LoneCave',[2] = 'Floor2Tiny'},
{[CFrame.new(32.1735229, 64.0997314, 17.3240814, 0.707106888, 1.03939711e-20, -0.707106709, -1.06903958e-20, -1, 4.00889853e-21, -0.707106709, -4.72453093e-21, -0.707106888)] = 'LoneCave',[2] = 'Wedge10_Thin'},
{[CFrame.new(32.1735229, 64.700264, 17.3240814, -0.707106888, -1.03939711e-20, -0.707106709, 1.06903958e-20, 1, 4.00889853e-21, 0.707106709, 4.72453093e-21, -0.707106888)] = 'LoneCave',[2] = 'Wedge10_Thin'},
{[CFrame.new(31.4663391, 64.7002411, 18.0312805, -0.707106888, -1.03939711e-20, -0.707106709, 1.06903958e-20, 1, 4.00889853e-21, 0.707106709, 4.72453093e-21, -0.707106888)] = 'LoneCave',[2] = 'Floor1Tiny'},
{[CFrame.new(42.8506775, 65.0999985, 6.64691162, -2.26777543e-20, 0.707106888, -0.707106709, 1, -1.06903958e-20, 2.13807916e-20, -7.55925384e-21, -0.707106709, -0.707106888)] = 'LoneCave',[2] = 'Post'},
{[CFrame.new(48.7903442, 64.5002136, 0.707244873, -0.707106888, -1.32286908e-20, -0.707106709, 1.06903958e-20, 1, 8.01779705e-21, 0.707106709, 1.88981124e-21, -0.707106888)] = 'LoneCave',[2] = 'Floor2Tiny'},
{[CFrame.new(48.7903442, 61.9002228, 0.707244873, -0.707106888, -1.32286908e-20, -0.707106709, 1.06903958e-20, 1, 8.01779705e-21, 0.707106709, 1.88981124e-21, -0.707106888)] = 'LoneCave',[2] = 'Floor2Tiny'},
{[CFrame.new(48.7903442, 64.3002167, 0.707244873, -0.707106888, -1.32286908e-20, -0.707106709, 1.06903958e-20, 1, 8.01779705e-21, 0.707106709, 1.88981124e-21, -0.707106888)] = 'LoneCave',[2] = 'Floor2Tiny'},
{[CFrame.new(48.7903442, 61.499733, 0.707244873, -0.707106888, 1.32286908e-20, 0.707106709, 1.06903958e-20, -1, -8.01779705e-21, 0.707106709, -1.88981124e-21, 0.707106888)] = 'LoneCave',[2] = 'Wedge10_Thin'},
{[CFrame.new(48.7903442, 61.7002182, 0.707244873, -0.707106888, -1.32286908e-20, -0.707106709, 1.06903958e-20, 1, 8.01779705e-21, 0.707106709, 1.88981124e-21, -0.707106888)] = 'LoneCave',[2] = 'Floor2Tiny'},
{[CFrame.new(48.7903442, 64.700264, 0.707244873, -0.707106888, -1.32286908e-20, -0.707106709, 1.06903958e-20, 1, 8.01779705e-21, 0.707106709, 1.88981124e-21, -0.707106888)] = 'LoneCave',[2] = 'Wedge10_Thin'},
{[CFrame.new(47.3760681, 60.7002411, 2.12155151, -0.707106888, -1.32286908e-20, -0.707106709, 1.06903958e-20, 1, 8.01779705e-21, 0.707106709, 1.88981124e-21, -0.707106888)] = 'LoneCave',[2] = 'Floor1Tiny'},
{[CFrame.new(48.0831604, 64.7002411, 1.41444397, -0.707106888, -1.32286908e-20, -0.707106709, 1.06903958e-20, 1, 8.01779705e-21, 0.707106709, 1.88981124e-21, -0.707106888)] = 'LoneCave',[2] = 'Floor1Tiny'},
{[CFrame.new(46.6690369, 61.4997292, 2.8285675, 0.707106888, 1.32286908e-20, -0.707106709, -1.06903958e-20, -1, 8.01779705e-21, -0.707106709, -1.88981124e-21, -0.707106888)] = 'LoneCave',[2] = 'Wedge10_Thin'},
{[CFrame.new(48.0831604, 60.7002411, 1.41444397, -0.707106888, -1.32286908e-20, -0.707106709, 1.06903958e-20, 1, 8.01779705e-21, 0.707106709, 1.88981124e-21, -0.707106888)] = 'LoneCave',[2] = 'Floor1Tiny'},
{[CFrame.new(47.0933228, 61.3002625, 2.40429688, -0.707106888, -1.32286908e-20, -0.707106709, 1.06903958e-20, 1, 8.01779705e-21, 0.707106709, 1.88981124e-21, -0.707106888)] = 'LoneCave',[2] = 'Wedge10_Thin'},
{[CFrame.new(46.6689453, 62.7002373, 2.8286438, -0.707106888, -1.32286908e-20, -0.707106709, 1.06903958e-20, 1, 8.01779705e-21, 0.707106709, 1.88981124e-21, -0.707106888)] = 'LoneCave',[2] = 'Floor1Tiny'},
{[CFrame.new(46.6689453, 63.7002373, 2.8286438, -0.707106888, -1.32286908e-20, -0.707106709, 1.06903958e-20, 1, 8.01779705e-21, 0.707106709, 1.88981124e-21, -0.707106888)] = 'LoneCave',[2] = 'Floor1Tiny'},
{[CFrame.new(46.6689453, 61.7002373, 2.8286438, -0.707106888, -1.32286908e-20, -0.707106709, 1.06903958e-20, 1, 8.01779705e-21, 0.707106709, 1.88981124e-21, -0.707106888)] = 'LoneCave',[2] = 'Floor1Tiny'},
{[CFrame.new(47.3760681, 64.7002411, 2.12155151, -0.707106888, -1.32286908e-20, -0.707106709, 1.06903958e-20, 1, 8.01779705e-21, 0.707106709, 1.88981124e-21, -0.707106888)] = 'LoneCave',[2] = 'Floor1Tiny'},
{[CFrame.new(47.0933228, 64.8997345, 2.40429688, -0.707106888, 1.32286908e-20, 0.707106709, 1.06903958e-20, -1, -8.01779705e-21, 0.707106709, -1.88981124e-21, 0.707106888)] = 'LoneCave',[2] = 'Wedge10_Thin'},
{[CFrame.new(46.6690369, 64.700264, 2.8285675, 0.707106888, -1.32286908e-20, 0.707106709, -1.06903958e-20, 1, -8.01779705e-21, -0.707106709, 1.88981124e-21, 0.707106888)] = 'LoneCave',[2] = 'Wedge10_Thin'},
{[CFrame.new(42.8506775, 61.0999985, 6.64691162, -2.26777543e-20, 0.707106888, -0.707106709, 1, -1.06903958e-20, 2.13807916e-20, -7.55925384e-21, -0.707106709, -0.707106888)] = 'LoneCave',[2] = 'Post'},
{[CFrame.new(44.1941528, 61.2000122, 5.30343628, -0.707106888, -1.88981286e-20, -0.707106709, 1.06903958e-20, 1, 1.60355941e-20, 0.707106709, -3.77962813e-21, -0.707106888)] = 'LoneCave',[2] = 'Post'},
{[CFrame.new(-28.9914246, 64.700264, -20.5059204, 0.707106888, -4.72453335e-21, 0.707106709, -1.06903958e-20, 1, 4.00889853e-21, -0.707106709, 1.03939703e-20, 0.707106888)] = 'LoneCave',[2] = 'Wedge10_Thin'},
{[CFrame.new(-28.9914246, 62.700264, -20.5059204, 0.707106888, -4.72453335e-21, 0.707106709, -1.06903958e-20, 1, 4.00889853e-21, -0.707106709, 1.03939703e-20, 0.707106888)] = 'LoneCave',[2] = 'Wedge10_Thin'},
{[CFrame.new(-28.9914246, 64.5002213, -20.5059204, 0.707106888, -4.72453335e-21, 0.707106709, -1.06903958e-20, 1, 4.00889853e-21, -0.707106709, 1.03939703e-20, 0.707106888)] = 'LoneCave',[2] = 'Floor2Tiny'},
{[CFrame.new(-28.9914246, 64.3002167, -20.5059204, 0.707106888, -4.72453335e-21, 0.707106709, -1.06903958e-20, 1, 4.00889853e-21, -0.707106709, 1.03939703e-20, 0.707106888)] = 'LoneCave',[2] = 'Floor2Tiny'},
{[CFrame.new(-28.991333, 61.7002411, -20.506012, 0.707106888, -4.72453335e-21, 0.707106709, -1.06903958e-20, 1, 4.00889853e-21, -0.707106709, 1.03939703e-20, 0.707106888)] = 'LoneCave',[2] = 'Floor1Tiny'},
{[CFrame.new(-26.8701172, 61.9002228, -22.6272583, 0.707106888, -4.72453335e-21, 0.707106709, -1.06903958e-20, 1, 4.00889853e-21, -0.707106709, 1.03939703e-20, 0.707106888)] = 'LoneCave',[2] = 'Floor2Tiny'},
{[CFrame.new(-28.2842407, 64.7002411, -21.2131042, 0.707106888, -4.72453335e-21, 0.707106709, -1.06903958e-20, 1, 4.00889853e-21, -0.707106709, 1.03939703e-20, 0.707106888)] = 'LoneCave',[2] = 'Floor1Tiny'},
{[CFrame.new(-28.2842407, 60.7002411, -21.2131042, 0.707106888, -4.72453335e-21, 0.707106709, -1.06903958e-20, 1, 4.00889853e-21, -0.707106709, 1.03939703e-20, 0.707106888)] = 'LoneCave',[2] = 'Floor1Tiny'},
{[CFrame.new(-27.5771179, 60.7002411, -21.9202271, 0.707106888, -4.72453335e-21, 0.707106709, -1.06903958e-20, 1, 4.00889853e-21, -0.707106709, 1.03939703e-20, 0.707106888)] = 'LoneCave',[2] = 'Floor1Tiny'},
{[CFrame.new(-28.2842407, 62.7002411, -21.2131042, 0.707106888, -4.72453335e-21, 0.707106709, -1.06903958e-20, 1, 4.00889853e-21, -0.707106709, 1.03939703e-20, 0.707106888)] = 'LoneCave',[2] = 'Floor1Tiny'},
{[CFrame.new(-26.8701172, 61.499733, -22.6272583, -0.707106888, 4.72453335e-21, 0.707106709, 1.06903958e-20, -1, 4.00889853e-21, 0.707106709, -1.03939703e-20, 0.707106888)] = 'LoneCave',[2] = 'Wedge10_Thin'},
{[CFrame.new(-26.8701172, 61.7002182, -22.6272583, 0.707106888, -4.72453335e-21, 0.707106709, -1.06903958e-20, 1, 4.00889853e-21, -0.707106709, 1.03939703e-20, 0.707106888)] = 'LoneCave',[2] = 'Floor2Tiny'},
{[CFrame.new(-28.5671997, 61.3002625, -20.9301758, -0.707106888, -4.72453335e-21, -0.707106709, 1.06903958e-20, 1, -4.00889853e-21, 0.707106709, 1.03939703e-20, -0.707106888)] = 'LoneCave',[2] = 'Wedge10_Thin'},
{[CFrame.new(-28.5671997, 62.8997345, -20.9301758, -0.707106888, 4.72453335e-21, 0.707106709, 1.06903958e-20, -1, 4.00889853e-21, 0.707106709, -1.03939703e-20, 0.707106888)] = 'LoneCave',[2] = 'Wedge10_Thin'},
{[CFrame.new(-27.2944031, 63.3002625, -22.2029419, 0.707106888, -4.72453335e-21, 0.707106709, -1.06903958e-20, 1, 4.00889853e-21, -0.707106709, 1.03939703e-20, 0.707106888)] = 'LoneCave',[2] = 'Wedge10_Thin'},
{[CFrame.new(-26.8701172, 63.499733, -22.6272583, -0.707106888, 4.72453335e-21, 0.707106709, 1.06903958e-20, -1, 4.00889853e-21, 0.707106709, -1.03939703e-20, 0.707106888)] = 'LoneCave',[2] = 'Wedge10_Thin'},
{[CFrame.new(-26.8700256, 63.7002411, -22.6273193, 0.707106888, -4.72453335e-21, 0.707106709, -1.06903958e-20, 1, 4.00889853e-21, -0.707106709, 1.03939703e-20, 0.707106888)] = 'LoneCave',[2] = 'Floor1Tiny'},
{[CFrame.new(-27.5771179, 62.7002411, -21.9202271, 0.707106888, -4.72453335e-21, 0.707106709, -1.06903958e-20, 1, 4.00889853e-21, -0.707106709, 1.03939703e-20, 0.707106888)] = 'LoneCave',[2] = 'Floor1Tiny'},
{[CFrame.new(-27.5771179, 64.7002411, -21.9202271, 0.707106888, -4.72453335e-21, 0.707106709, -1.06903958e-20, 1, 4.00889853e-21, -0.707106709, 1.03939703e-20, 0.707106888)] = 'LoneCave',[2] = 'Floor1Tiny'},
{[CFrame.new(-27.0117188, 64.5, -22.4856567, -2.83472049e-21, -0.707106888, 0.707106709, 1, 1.06903958e-20, 6.68149728e-21, 1.2283784e-20, 0.707106709, 0.707106888)] = 'LoneCave',[2] = 'Wedge10_Thin'},
{[CFrame.new(-27.1527405, 65.0999985, -22.3446045, 6.6143458e-21, 0.707106888, 0.707106709, -1, -1.06903958e-20, 1.33629948e-21, -8.50415744e-21, -0.707106709, 0.707106888)] = 'LoneCave',[2] = 'Wedge10_Thin'},
{[CFrame.new(-28.9914246, 61.499733, -20.5059204, 0.707106888, 4.72453335e-21, -0.707106709, -1.06903958e-20, -1, -4.00889853e-21, -0.707106709, -1.03939703e-20, -0.707106888)] = 'LoneCave',[2] = 'Wedge10_Thin'},
{[CFrame.new(-31.4663086, 64.7002411, -18.0310669, 0.707106888, -4.72453335e-21, 0.707106709, -1.06903958e-20, 1, 4.00889853e-21, -0.707106709, 1.03939703e-20, 0.707106888)] = 'LoneCave',[2] = 'Floor1Tiny'},
{[CFrame.new(-25.4558411, 64.7002411, -24.0415344, 0.707106888, -4.72453335e-21, 0.707106709, -1.06903958e-20, 1, 4.00889853e-21, -0.707106709, 1.03939703e-20, 0.707106888)] = 'LoneCave',[2] = 'Floor1Tiny'},
{[CFrame.new(-24.7487183, 62.7002411, -24.7486267, 0.707106888, -4.72453335e-21, 0.707106709, -1.06903958e-20, 1, 4.00889853e-21, -0.707106709, 1.03939703e-20, 0.707106888)] = 'LoneCave',[2] = 'Floor1Tiny'},
{[CFrame.new(-24.041626, 64.7002411, -25.4557495, 0.707106888, -4.72453335e-21, 0.707106709, -1.06903958e-20, 1, 4.00889853e-21, -0.707106709, 1.03939703e-20, 0.707106888)] = 'LoneCave',[2] = 'Floor1Tiny'},
{[CFrame.new(-24.041626, 62.7002411, -25.4557495, 0.707106888, -4.72453335e-21, 0.707106709, -1.06903958e-20, 1, 4.00889853e-21, -0.707106709, 1.03939703e-20, 0.707106888)] = 'LoneCave',[2] = 'Floor1Tiny'},
{[CFrame.new(-24.7487183, 64.7002411, -24.7486267, 0.707106888, -4.72453335e-21, 0.707106709, -1.06903958e-20, 1, 4.00889853e-21, -0.707106709, 1.03939703e-20, 0.707106888)] = 'LoneCave',[2] = 'Floor1Tiny'},
{[CFrame.new(-23.3345947, 61.7000122, -26.1627502, 0.707106888, -4.72453335e-21, 0.707106709, -1.06903958e-20, 1, 4.00889853e-21, -0.707106709, 1.03939703e-20, 0.707106888)] = 'LoneCave',[2] = 'Post'},
{[CFrame.new(-23.0517578, 61.0999985, -26.4455872, -3.77962692e-21, -0.707106888, 0.707106709, 1, 1.06903958e-20, 5.3451979e-21, 1.13388771e-20, 0.707106709, 0.707106888)] = 'LoneCave',[2] = 'Post'},
{[CFrame.new(-21.2132568, 61.9002228, -28.2840881, 0.707106888, -4.72453335e-21, 0.707106709, -1.06903958e-20, 1, 4.00889853e-21, -0.707106709, 1.03939703e-20, 0.707106888)] = 'LoneCave',[2] = 'Floor2Tiny'},
{[CFrame.new(-21.9203491, 62.499733, -27.5769958, 0.707106888, 4.72453335e-21, -0.707106709, -1.06903958e-20, -1, -4.00889853e-21, -0.707106709, -1.03939703e-20, -0.707106888)] = 'LoneCave',[2] = 'Wedge10_Thin'},
{[CFrame.new(-21.2132568, 61.7002182, -28.2840881, 0.707106888, -4.72453335e-21, 0.707106709, -1.06903958e-20, 1, 4.00889853e-21, -0.707106709, 1.03939703e-20, 0.707106888)] = 'LoneCave',[2] = 'Floor2Tiny'},
{[CFrame.new(-21.2132568, 61.499733, -28.2840881, 0.707106888, 4.72453335e-21, -0.707106709, -1.06903958e-20, -1, -4.00889853e-21, -0.707106709, -1.03939703e-20, -0.707106888)] = 'LoneCave',[2] = 'Wedge10_Thin'},
{[CFrame.new(-19.7990417, 62.499733, -29.6983032, -0.707106888, 4.72453335e-21, 0.707106709, 1.06903958e-20, -1, 4.00889853e-21, 0.707106709, -1.03939703e-20, 0.707106888)] = 'LoneCave',[2] = 'Wedge10_Thin'},
{[CFrame.new(-20.506134, 61.7002182, -28.9912109, 0.707106888, -4.72453335e-21, 0.707106709, -1.06903958e-20, 1, 4.00889853e-21, -0.707106709, 1.03939703e-20, 0.707106888)] = 'LoneCave',[2] = 'Floor2Tiny'},
{[CFrame.new(-20.506134, 61.9002228, -28.9912109, 0.707106888, -4.72453335e-21, 0.707106709, -1.06903958e-20, 1, 4.00889853e-21, -0.707106709, 1.03939703e-20, 0.707106888)] = 'LoneCave',[2] = 'Floor2Tiny'},
{[CFrame.new(-21.9202881, 64.7002411, -27.5770874, 0.707106888, -4.72453335e-21, 0.707106709, -1.06903958e-20, 1, 4.00889853e-21, -0.707106709, 1.03939703e-20, 0.707106888)] = 'LoneCave',[2] = 'Floor1Tiny'},
{[CFrame.new(-21.9202881, 63.7002411, -27.5770874, 0.707106888, -4.72453335e-21, 0.707106709, -1.06903958e-20, 1, 4.00889853e-21, -0.707106709, 1.03939703e-20, 0.707106888)] = 'LoneCave',[2] = 'Floor1Tiny'},
{[CFrame.new(-21.9202881, 62.7002411, -27.5770874, 0.707106888, -4.72453335e-21, 0.707106709, -1.06903958e-20, 1, 4.00889853e-21, -0.707106709, 1.03939703e-20, 0.707106888)] = 'LoneCave',[2] = 'Floor1Tiny'},
{[CFrame.new(-20.506134, 61.499733, -28.9912109, -0.707106888, 4.72453335e-21, 0.707106709, 1.06903958e-20, -1, 4.00889853e-21, 0.707106709, -1.03939703e-20, 0.707106888)] = 'LoneCave',[2] = 'Wedge10_Thin'},
{[CFrame.new(-21.2132568, 62.1002655, -28.2840881, -0.707106888, -4.72453335e-21, -0.707106709, 1.06903958e-20, 1, -4.00889853e-21, 0.707106709, 1.03939703e-20, -0.707106888)] = 'LoneCave',[2] = 'Wedge10_Thin'},
{[CFrame.new(-20.2235107, 62.5, -29.2738647, 5.66943937e-21, -0.707106888, -0.707106709, -1, 1.06903958e-20, -2.67259895e-21, -9.44906347e-21, 0.707106709, -0.707106888)] = 'LoneCave',[2] = 'Wedge10_Thin'},
{[CFrame.new(-19.7989502, 62.7002411, -29.6983948, 0.707106888, -4.72453335e-21, 0.707106709, -1.06903958e-20, 1, 4.00889853e-21, -0.707106709, 1.03939703e-20, 0.707106888)] = 'LoneCave',[2] = 'Floor1Tiny'},
{[CFrame.new(-19.7989502, 63.7002411, -29.6983948, 0.707106888, -4.72453335e-21, 0.707106709, -1.06903958e-20, 1, 4.00889853e-21, -0.707106709, 1.03939703e-20, 0.707106888)] = 'LoneCave',[2] = 'Floor1Tiny'},
{[CFrame.new(-19.7989502, 64.7002411, -29.6983948, 0.707106888, -4.72453335e-21, 0.707106709, -1.06903958e-20, 1, 4.00889853e-21, -0.707106709, 1.03939703e-20, 0.707106888)] = 'LoneCave',[2] = 'Floor1Tiny'},
{[CFrame.new(-18.3848267, 64.700264, -31.1125183, 0.707106888, -4.72453335e-21, 0.707106709, -1.06903958e-20, 1, 4.00889853e-21, -0.707106709, 1.03939703e-20, 0.707106888)] = 'LoneCave',[2] = 'Wedge10_Thin'},
{[CFrame.new(-18.3847351, 63.7002411, -31.1126099, 0.707106888, -4.72453335e-21, 0.707106709, -1.06903958e-20, 1, 4.00889853e-21, -0.707106709, 1.03939703e-20, 0.707106888)] = 'LoneCave',[2] = 'Floor1Tiny'},
{[CFrame.new(-18.3847351, 62.7002411, -31.1126099, 0.707106888, -4.72453335e-21, 0.707106709, -1.06903958e-20, 1, 4.00889853e-21, -0.707106709, 1.03939703e-20, 0.707106888)] = 'LoneCave',[2] = 'Floor1Tiny'},
{[CFrame.new(-18.3847351, 61.7002411, -31.1126099, 0.707106888, -4.72453335e-21, 0.707106709, -1.06903958e-20, 1, 4.00889853e-21, -0.707106709, 1.03939703e-20, 0.707106888)] = 'LoneCave',[2] = 'Floor1Tiny'},
{[CFrame.new(-18.3848267, 61.499733, -31.1125183, 0.707106888, 4.72453335e-21, -0.707106709, -1.06903958e-20, -1, -4.00889853e-21, -0.707106709, -1.03939703e-20, -0.707106888)] = 'LoneCave',[2] = 'Wedge10_Thin'},
{[CFrame.new(-17.9605713, 64.8997345, -31.5367737, -0.707106888, 4.72453335e-21, 0.707106709, 1.06903958e-20, -1, 4.00889853e-21, 0.707106709, -1.03939703e-20, 0.707106888)] = 'LoneCave',[2] = 'Wedge10_Thin'},
{[CFrame.new(-17.9605713, 61.3002625, -31.5367737, -0.707106888, -4.72453335e-21, -0.707106709, 1.06903958e-20, 1, -4.00889853e-21, 0.707106709, 1.03939703e-20, -0.707106888)] = 'LoneCave',[2] = 'Wedge10_Thin'},
{[CFrame.new(-17.6776428, 64.7002411, -31.8197021, 0.707106888, -4.72453335e-21, 0.707106709, -1.06903958e-20, 1, 4.00889853e-21, -0.707106709, 1.03939703e-20, 0.707106888)] = 'LoneCave',[2] = 'Floor1Tiny'},
{[CFrame.new(-16.2635193, 61.499733, -33.2338562, -0.707106888, 4.72453335e-21, 0.707106709, 1.06903958e-20, -1, 4.00889853e-21, 0.707106709, -1.03939703e-20, 0.707106888)] = 'LoneCave',[2] = 'Wedge10_Thin'},
{[CFrame.new(-16.97052, 60.7002411, -32.526825, 0.707106888, -4.72453335e-21, 0.707106709, -1.06903958e-20, 1, 4.00889853e-21, -0.707106709, 1.03939703e-20, 0.707106888)] = 'LoneCave',[2] = 'Floor1Tiny'},
{[CFrame.new(-17.6776428, 60.7002411, -31.8197021, 0.707106888, -4.72453335e-21, 0.707106709, -1.06903958e-20, 1, 4.00889853e-21, -0.707106709, 1.03939703e-20, 0.707106888)] = 'LoneCave',[2] = 'Floor1Tiny'},
{[CFrame.new(-16.2634277, 61.7002411, -33.2339478, 0.707106888, -4.72453335e-21, 0.707106709, -1.06903958e-20, 1, 4.00889853e-21, -0.707106709, 1.03939703e-20, 0.707106888)] = 'LoneCave',[2] = 'Floor1Tiny'},
{[CFrame.new(-16.6878052, 61.3002625, -32.8095703, 0.707106888, -4.72453335e-21, 0.707106709, -1.06903958e-20, 1, 4.00889853e-21, -0.707106709, 1.03939703e-20, 0.707106888)] = 'LoneCave',[2] = 'Wedge10_Thin'},
{[CFrame.new(-16.2634277, 62.7002411, -33.2339478, 0.707106888, -4.72453335e-21, 0.707106709, -1.06903958e-20, 1, 4.00889853e-21, -0.707106709, 1.03939703e-20, 0.707106888)] = 'LoneCave',[2] = 'Floor1Tiny'},
{[CFrame.new(-16.6878052, 64.8997345, -32.8095703, 0.707106888, 4.72453335e-21, -0.707106709, -1.06903958e-20, -1, -4.00889853e-21, -0.707106709, -1.03939703e-20, -0.707106888)] = 'LoneCave',[2] = 'Wedge10_Thin'},
{[CFrame.new(41.7192383, 64.2997284, -7.77813721, -0.707106709, 1.03939719e-20, -0.707106888, 0, -1, 1.46992935e-20, -0.707106888, -1.03939687e-20, 0.707106709)] = 'LoneCave',[2] = 'Wedge10_Thin'},
{[CFrame.new(39.5980225, 64.7002411, -9.89935303, 0.707106709, -1.03939719e-20, -0.707106888, 0, 1, 1.46992935e-20, 0.707106888, 1.03939687e-20, 0.707106709)] = 'LoneCave',[2] = 'Floor1Tiny'},
{[CFrame.new(39.5979309, 64.700264, -9.89944458, 0.707106709, -1.03939719e-20, -0.707106888, 0, 1, 1.46992935e-20, 0.707106888, 1.03939687e-20, 0.707106709)] = 'LoneCave',[2] = 'Wedge10_Thin'},
{[CFrame.new(39.5979309, 64.5002213, -9.89944458, 0.707106709, -1.03939719e-20, -0.707106888, 0, 1, 1.46992935e-20, 0.707106888, 1.03939687e-20, 0.707106709)] = 'LoneCave',[2] = 'Floor2Tiny'},
{[CFrame.new(39.5979309, 64.2997284, -9.89944458, 0.707106709, 1.03939719e-20, 0.707106888, 0, -1, -1.46992935e-20, 0.707106888, -1.03939687e-20, -0.707106709)] = 'LoneCave',[2] = 'Wedge10_Thin'},
{[CFrame.new(40.0223999, 64.1999969, -9.47497559, 9.44906589e-21, 0.707106709, -0.707106888, -1, 0, 1.33629946e-20, -9.44906347e-21, 0.707106888, 0.707106709)] = 'LoneCave',[2] = 'Wedge10_Thin'},
{[CFrame.new(41.012146, 63.8002625, -8.48522949, 0.707106709, -1.03939719e-20, -0.707106888, 0, 1, 1.46992935e-20, 0.707106888, 1.03939687e-20, 0.707106709)] = 'LoneCave',[2] = 'Wedge10_Thin'},
{[CFrame.new(41.2947998, 62.1999969, -8.20257568, -1.13388787e-20, -0.707106709, -0.707106888, 1, 0, 1.60355941e-20, 1.13388763e-20, -0.707106888, 0.707106709)] = 'LoneCave',[2] = 'Wedge10_Thin'},
{[CFrame.new(40.3050232, 62.5997314, -9.19232178, -0.707106709, 1.03939719e-20, -0.707106888, 0, -1, 1.46992935e-20, -0.707106888, -1.03939687e-20, 0.707106709)] = 'LoneCave',[2] = 'Wedge10_Thin'},
{[CFrame.new(36.7695007, 61.7000122, -12.7278748, 0.707106709, -1.03939719e-20, -0.707106888, 0, 1, 1.46992935e-20, 0.707106888, 1.03939687e-20, 0.707106709)] = 'LoneCave',[2] = 'Post'},
{[CFrame.new(41.0122375, 62.8002396, -8.48513794, 0.707106709, -1.03939719e-20, -0.707106888, 0, 1, 1.46992935e-20, 0.707106888, 1.03939687e-20, 0.707106709)] = 'LoneCave',[2] = 'Floor1Tiny'},
{[CFrame.new(40.3051147, 62.8002396, -9.19226074, 0.707106709, -1.03939719e-20, -0.707106888, 0, 1, 1.46992935e-20, 0.707106888, 1.03939687e-20, 0.707106709)] = 'LoneCave',[2] = 'Floor1Tiny'},
{[CFrame.new(39.5979309, 62.200264, -9.89944458, 0.707106709, -1.03939719e-20, -0.707106888, 0, 1, 1.46992935e-20, 0.707106888, 1.03939687e-20, 0.707106709)] = 'LoneCave',[2] = 'Wedge10_Thin'},
{[CFrame.new(37.0523071, 61.0999985, -12.4450684, -1.13388787e-20, -0.707106709, -0.707106888, 1, 0, 1.60355941e-20, 1.13388763e-20, -0.707106888, 0.707106709)] = 'LoneCave',[2] = 'Post'},
{[CFrame.new(39.5980225, 60.7002411, -9.89935303, 0.707106709, -1.03939719e-20, -0.707106888, 0, 1, 1.46992935e-20, 0.707106888, 1.03939687e-20, 0.707106709)] = 'LoneCave',[2] = 'Floor1Tiny'},
{[CFrame.new(39.5980225, 61.2002411, -9.89935303, 0.707106709, -1.03939719e-20, -0.707106888, 0, 1, 1.46992935e-20, 0.707106888, 1.03939687e-20, 0.707106709)] = 'LoneCave',[2] = 'Floor1Tiny'},
{[CFrame.new(12.1622314, 60.7002411, -37.335083, 0.707106709, -1.03939719e-20, -0.707106888, 0, 1, 1.46992935e-20, 0.707106888, 1.03939687e-20, 0.707106709)] = 'LoneCave',[2] = 'Floor1Tiny'},
{[CFrame.new(20.5060425, 64.700264, -28.991333, 0.707106709, -1.03939719e-20, -0.707106888, 0, 1, 1.46992935e-20, 0.707106888, 1.03939687e-20, 0.707106709)] = 'LoneCave',[2] = 'Wedge10_Thin'},
{[CFrame.new(20.5060425, 62.700264, -28.991333, 0.707106709, -1.03939719e-20, -0.707106888, 0, 1, 1.46992935e-20, 0.707106888, 1.03939687e-20, 0.707106709)] = 'LoneCave',[2] = 'Wedge10_Thin'},
{[CFrame.new(20.5060425, 64.5002213, -28.991333, 0.707106709, -1.03939719e-20, -0.707106888, 0, 1, 1.46992935e-20, 0.707106888, 1.03939687e-20, 0.707106709)] = 'LoneCave',[2] = 'Floor2Tiny'},
{[CFrame.new(20.5060425, 64.3002167, -28.991333, 0.707106709, -1.03939719e-20, -0.707106888, 0, 1, 1.46992935e-20, 0.707106888, 1.03939687e-20, 0.707106709)] = 'LoneCave',[2] = 'Floor2Tiny'},
{[CFrame.new(20.506134, 61.7002411, -28.9912415, 0.707106709, -1.03939719e-20, -0.707106888, 0, 1, 1.46992935e-20, 0.707106888, 1.03939687e-20, 0.707106709)] = 'LoneCave',[2] = 'Floor1Tiny'},
{[CFrame.new(22.6273804, 61.9002228, -26.8699951, 0.707106709, -1.03939719e-20, -0.707106888, 0, 1, 1.46992935e-20, 0.707106888, 1.03939687e-20, 0.707106709)] = 'LoneCave',[2] = 'Floor2Tiny'},
{[CFrame.new(21.2132568, 64.7002411, -28.2841492, 0.707106709, -1.03939719e-20, -0.707106888, 0, 1, 1.46992935e-20, 0.707106888, 1.03939687e-20, 0.707106709)] = 'LoneCave',[2] = 'Floor1Tiny'},
{[CFrame.new(21.2132568, 60.7002411, -28.2841492, 0.707106709, -1.03939719e-20, -0.707106888, 0, 1, 1.46992935e-20, 0.707106888, 1.03939687e-20, 0.707106709)] = 'LoneCave',[2] = 'Floor1Tiny'},
{[CFrame.new(21.9203491, 60.7002411, -27.5770264, 0.707106709, -1.03939719e-20, -0.707106888, 0, 1, 1.46992935e-20, 0.707106888, 1.03939687e-20, 0.707106709)] = 'LoneCave',[2] = 'Floor1Tiny'},
{[CFrame.new(21.2132568, 62.7002411, -28.2841492, 0.707106709, -1.03939719e-20, -0.707106888, 0, 1, 1.46992935e-20, 0.707106888, 1.03939687e-20, 0.707106709)] = 'LoneCave',[2] = 'Floor1Tiny'},
{[CFrame.new(22.6273804, 61.499733, -26.8699951, -0.707106709, 1.03939719e-20, -0.707106888, 0, -1, 1.46992935e-20, -0.707106888, -1.03939687e-20, 0.707106709)] = 'LoneCave',[2] = 'Wedge10_Thin'},
{[CFrame.new(22.6273804, 61.7002182, -26.8699951, 0.707106709, -1.03939719e-20, -0.707106888, 0, 1, 1.46992935e-20, 0.707106888, 1.03939687e-20, 0.707106709)] = 'LoneCave',[2] = 'Floor2Tiny'},
{[CFrame.new(20.9302979, 61.3002625, -28.5670776, -0.707106709, -1.03939719e-20, 0.707106888, 0, 1, -1.46992935e-20, -0.707106888, 1.03939687e-20, -0.707106709)] = 'LoneCave',[2] = 'Wedge10_Thin'},
{[CFrame.new(20.9302979, 62.8997345, -28.5670776, -0.707106709, 1.03939719e-20, -0.707106888, 0, -1, 1.46992935e-20, -0.707106888, -1.03939687e-20, 0.707106709)] = 'LoneCave',[2] = 'Wedge10_Thin'},
{[CFrame.new(22.203064, 63.3002625, -27.2943115, 0.707106709, -1.03939719e-20, -0.707106888, 0, 1, 1.46992935e-20, 0.707106888, 1.03939687e-20, 0.707106709)] = 'LoneCave',[2] = 'Wedge10_Thin'},
{[CFrame.new(22.6273804, 63.499733, -26.8699951, -0.707106709, 1.03939719e-20, -0.707106888, 0, -1, 1.46992935e-20, -0.707106888, -1.03939687e-20, 0.707106709)] = 'LoneCave',[2] = 'Wedge10_Thin'},
{[CFrame.new(22.6274414, 63.7002411, -26.8699341, 0.707106709, -1.03939719e-20, -0.707106888, 0, 1, 1.46992935e-20, 0.707106888, 1.03939687e-20, 0.707106709)] = 'LoneCave',[2] = 'Floor1Tiny'},
{[CFrame.new(21.9203491, 62.7002411, -27.5770264, 0.707106709, -1.03939719e-20, -0.707106888, 0, 1, 1.46992935e-20, 0.707106888, 1.03939687e-20, 0.707106709)] = 'LoneCave',[2] = 'Floor1Tiny'},
{[CFrame.new(21.9203491, 64.7002411, -27.5770264, 0.707106709, -1.03939719e-20, -0.707106888, 0, 1, 1.46992935e-20, 0.707106888, 1.03939687e-20, 0.707106709)] = 'LoneCave',[2] = 'Floor1Tiny'},
{[CFrame.new(22.4857788, 64.5, -27.0115967, -1.22837856e-20, -0.707106709, -0.707106888, 1, 0, 1.73718931e-20, 1.22837823e-20, -0.707106888, 0.707106709)] = 'LoneCave',[2] = 'Wedge10_Thin'},
{[CFrame.new(22.3447266, 65.0999985, -27.1526489, 8.50415906e-21, 0.707106709, -0.707106888, -1, 0, 1.20266956e-20, -8.50415744e-21, 0.707106888, 0.707106709)] = 'LoneCave',[2] = 'Wedge10_Thin'},
{[CFrame.new(20.5060425, 61.499733, -28.991333, 0.707106709, 1.03939719e-20, 0.707106888, 0, -1, -1.46992935e-20, 0.707106888, -1.03939687e-20, -0.707106709)] = 'LoneCave',[2] = 'Wedge10_Thin'},
{[CFrame.new(13.576355, 61.499733, -35.9209595, -0.707106709, 1.03939719e-20, -0.707106888, 0, -1, 1.46992935e-20, -0.707106888, -1.03939687e-20, 0.707106709)] = 'LoneCave',[2] = 'Wedge10_Thin'},
{[CFrame.new(13.1520996, 61.3002625, -36.3452454, 0.707106709, -1.03939719e-20, -0.707106888, 0, 1, 1.46992935e-20, 0.707106888, 1.03939687e-20, 0.707106709)] = 'LoneCave',[2] = 'Wedge10_Thin'},
{[CFrame.new(12.8693542, 60.7002411, -36.6279907, 0.707106709, -1.03939719e-20, -0.707106888, 0, 1, 1.46992935e-20, 0.707106888, 1.03939687e-20, 0.707106709)] = 'LoneCave',[2] = 'Floor1Tiny'},
{[CFrame.new(13.576355, 61.7000122, -35.9209595, 0.707106709, -1.03939719e-20, -0.707106888, 0, 1, 1.46992935e-20, 0.707106888, 1.03939687e-20, 0.707106709)] = 'LoneCave',[2] = 'Post'},
{[CFrame.new(15.2027588, 64.7002411, -34.2946167, 0.707106709, -1.03939719e-20, -0.707106888, 0, 1, 1.46992935e-20, 0.707106888, 1.03939687e-20, 0.707106709)] = 'LoneCave',[2] = 'Floor1Tiny'},
{[CFrame.new(15.2026672, 60.7000122, -34.2947083, 0.707106709, -1.03939719e-20, -0.707106888, 0, 1, 1.46992935e-20, 0.707106888, 1.03939687e-20, 0.707106709)] = 'LoneCave',[2] = 'Post'},
{[CFrame.new(15.9098511, 64.5, -33.5875244, 0.707106709, -1.03939719e-20, -0.707106888, 0, 1, 1.46992935e-20, 0.707106888, 1.03939687e-20, 0.707106709)] = 'LoneCave',[2] = 'Floor2Tiny'},
{[CFrame.new(15.9097595, 64.700264, -33.587616, -0.707106709, -1.03939719e-20, 0.707106888, 0, 1, -1.46992935e-20, -0.707106888, 1.03939687e-20, -0.707106709)] = 'LoneCave',[2] = 'Wedge10_Thin'},
{[CFrame.new(15.9097595, 64.0997314, -33.587616, 0.707106709, 1.03939719e-20, 0.707106888, 0, -1, -1.46992935e-20, 0.707106888, -1.03939687e-20, -0.707106709)] = 'LoneCave',[2] = 'Wedge10_Thin'},
{[CFrame.new(15.9098511, 64.2999954, -33.5875244, 0.707106709, -1.03939719e-20, -0.707106888, 0, 1, 1.46992935e-20, 0.707106888, 1.03939687e-20, 0.707106709)] = 'LoneCave',[2] = 'Floor2Tiny'},
{[CFrame.new(16.2633057, 63.5997314, -33.2340698, 0.707106709, 1.03939719e-20, 0.707106888, 0, -1, -1.46992935e-20, 0.707106888, -1.03939687e-20, -0.707106709)] = 'LoneCave',[2] = 'Wedge10_Thin'},
{[CFrame.new(16.6168823, 63.700264, -32.8804932, 0.707106709, -1.03939719e-20, -0.707106888, 0, 1, 1.46992935e-20, 0.707106888, 1.03939687e-20, 0.707106709)] = 'LoneCave',[2] = 'Wedge10_Thin'},
{[CFrame.new(16.6168823, 63.700264, -32.8804932, -0.707106709, -1.03939719e-20, 0.707106888, 0, 1, -1.46992935e-20, -0.707106888, 1.03939687e-20, -0.707106709)] = 'LoneCave',[2] = 'Wedge10_Thin'},
{[CFrame.new(16.9704285, 63.5997314, -32.526947, -0.707106709, 1.03939719e-20, -0.707106888, 0, -1, 1.46992935e-20, -0.707106888, -1.03939687e-20, 0.707106709)] = 'LoneCave',[2] = 'Wedge10_Thin'},
{[CFrame.new(18.0310974, 60.7000122, -31.4662781, 0.707106709, -1.03939719e-20, -0.707106888, 0, 1, 1.46992935e-20, 0.707106888, 1.03939687e-20, 0.707106709)] = 'LoneCave',[2] = 'Post'},
{[CFrame.new(17.3240662, 64.2999954, -32.1733093, 0.707106709, -1.03939719e-20, -0.707106888, 0, 1, 1.46992935e-20, 0.707106888, 1.03939687e-20, 0.707106709)] = 'LoneCave',[2] = 'Floor2Tiny'},
{[CFrame.new(17.3240662, 64.5, -32.1733093, 0.707106709, -1.03939719e-20, -0.707106888, 0, 1, 1.46992935e-20, 0.707106888, 1.03939687e-20, 0.707106709)] = 'LoneCave',[2] = 'Floor2Tiny'},
{[CFrame.new(17.3239746, 64.0997314, -32.1734009, -0.707106709, 1.03939719e-20, -0.707106888, 0, -1, 1.46992935e-20, -0.707106888, -1.03939687e-20, 0.707106709)] = 'LoneCave',[2] = 'Wedge10_Thin'},
{[CFrame.new(17.3239746, 64.700264, -32.1734009, 0.707106709, -1.03939719e-20, -0.707106888, 0, 1, 1.46992935e-20, 0.707106888, 1.03939687e-20, 0.707106709)] = 'LoneCave',[2] = 'Wedge10_Thin'},
