tab = {{[CFrame.new(14.2644348, 20.3356323, -29.6223755, -0.954813421, 0.214125559, -0.20611304, 0.254171908, 0.228854239, -0.939692736, -0.154042423, -0.949618995, -0.272937775)] = 'SnowGlow',[2] = 'Door1',},{[CFrame.new(21.4280396, 13.3999996, -31.4510498, -0.846962869, 0.531658411, 0, 0, 0, -1, -0.531658411, -0.846962869, 0)] = 'SnowGlow',[2] = 'Door1',},{[CFrame.new(8.81219482, 13.3999996, -36.8427734, -0.981823683, 0.189797699, 0, 0, 0, -1, -0.189797699, -0.981823683, 0)] = 'SnowGlow',[2] = 'Door1',},{[CFrame.new(25.4403992, 13.3999996, -37.8856812, -0.717914283, 0.696131527, 0, 0, 0, -1, -0.696131527, -0.717914283, 0)] = 'SnowGlow',[2] = 'Door1',},{[CFrame.new(10.2291565, 13.3999996, -44.2922974, -0.920910001, 0.389783859, 0, 0, 0, -1, -0.389783859, -0.920910001, 0)] = 'SnowGlow',[2] = 'Door1',},{[CFrame.new(15.8665466, 22.0768089, -36.8269348, -0.889432192, 0.407963485, -0.206112921, 0.296200097, 0.171007589, -0.939692974, -0.348114252, -0.896841228, -0.272938251)] = 'SnowGlow',[2] = 'Door1',},{[CFrame.new(15.8665161, 4.72311687, -36.8270264, -0.889430165, 0.407960325, 0.206112504, -0.296198934, -0.171011701, -0.93969208, -0.348109424, -0.89684087, 0.272940367)] = 'SnowGlow',[2] = 'Door1',},{[CFrame.new(18.9400635, 23.3803349, -43.6357727, -0.785173118, 0.583968997, -0.206115171, 0.325280577, 0.105684556, -0.939693213, -0.526968539, -0.804867089, -0.272934407)] = 'SnowGlow',[2] = 'Door1',},{[CFrame.new(13.164093, 13.3999996, -51.2845459, -0.81974256, 0.57273221, 0, 0, 0, -1, -0.57273221, -0.81974256, 0)] = 'SnowGlow',[2] = 'Door1',},{[CFrame.new(30.7029724, 13.3999996, -43.3454895, -0.557492316, 0.830182254, 0, 0, 0, -1, -0.830182254, -0.557492316, 0)] = 'SnowGlow',[2] = 'Door1',},{[CFrame.new(18.9399719, 3.41960835, -43.6357422, -0.785174251, 0.583968759, 0.206112504, -0.32528162, -0.105691515, -0.93969202, -0.526966095, -0.804867327, 0.272940457)] = 'SnowGlow',[2] = 'Door1',},{[CFrame.new(33.326416, 3.41960812, -34.1268616, -0.541793704, 0.835283935, 0.0935967416, -0.325280398, -0.105691887, -0.939692497, -0.775017619, -0.539564669, 0.32896468)] = 'SnowGlow',[2] = 'Door1',},{[CFrame.new(3.99328613, 2.61116862, -54.6018982, -0.849598229, 0.440027088, 0.290790498, -0.340135872, -0.0357336886, -0.939697206, -0.403101206, -0.897273242, 0.180028275)] = 'SnowGlow',[2] = 'Door1',},{[CFrame.new(33.3261719, 23.3802929, -34.1265869, -0.541796386, 0.835282147, -0.0935972929, 0.325280368, 0.105692476, -0.939692378, -0.775015771, -0.539567292, -0.328964651)] = 'SnowGlow',[2] = 'Door1',},{[CFrame.new(23.3505554, 24.1891441, -49.7511292, -0.64660126, 0.734454632, -0.206115097, 0.340145499, 0.0357454829, -0.939693034, -0.682794452, -0.677715957, -0.272934347)] = 'SnowGlow',[2] = 'Door1',},{[CFrame.new(17.4885864, 13.3999996, -57.5137634, -0.682751477, 0.730650783, 0, 0, 0, -1, -0.730650783, -0.682751477, 0)] = 'SnowGlow',[2] = 'Door1',},{[CFrame.new(39.6483154, 2.61075568, -38.236084, -0.35628888, 0.929676533, 0.0935967714, -0.340146989, -0.0357527323, -0.939692795, -0.870263755, -0.366638958, 0.32896471)] = 'SnowGlow',[2] = 'Door1',},{[CFrame.new(51.5822144, 13.3999996, -31.2963562, -0.0123231057, 0.999927402, 0, 0, 0, -1, -0.999927402, -0.0123231057, 0)] = 'SnowGlow',[2] = 'Door1',},{[CFrame.new(39.6479187, 24.1891556, -38.2357483, -0.35629195, 0.929675102, -0.0935972333, 0.340147018, 0.0357532576, -0.939692199, -0.870262206, -0.366641641, -0.328964472)] = 'SnowGlow',[2] = 'Door1',},{[CFrame.new(36.9856567, 13.3999996, -47.5917664, -0.37270543, 0.92795068, 0, 0, 0, -1, -0.92795068, -0.37270543, 0)] = 'SnowGlow',[2] = 'Door1',},{[CFrame.new(28.9052734, 2.33196831, -54.9058533, -0.47977066, 0.852841198, 0.206112832, -0.340147853, 0.0357505158, -0.939692438, -0.808776498, -0.520945847, 0.272940099)] = 'SnowGlow',[2] = 'Door1',},{[CFrame.new(23.0137024, 13.3999996, -62.7076416, -0.515921056, 0.856636763, 0, 0, 0, -1, -0.856636763, -0.515921056, 0)] = 'SnowGlow',[2] = 'Door1',},{[CFrame.new(46.6896667, 24.4679813, -41.0357056, -0.155215919, 0.983437181, -0.0935969874, 0.340148479, -0.0357486233, -0.939690948, -0.927474558, -0.177691951, -0.328963399)] = 'SnowGlow',[2] = 'Door1',},{[CFrame.new(23.3504333, 2.61077213, -49.7511597, -0.646602213, 0.734454334, 0.206112728, -0.340147763, -0.0357514396, -0.939692199, -0.682792127, -0.677715838, 0.27293998)] = 'SnowGlow',[2] = 'Door1',},{[CFrame.new(46.6901855, 2.33192968, -41.0360718, -0.155211627, 0.983439863, 0.0935969874, -0.340148449, 0.0357487053, -0.939694941, -0.927477002, -0.177690461, 0.328965068)] = 'SnowGlow',[2] = 'Door1',},{[CFrame.new(59.1644897, 13.3999996, -31.4124451, 0.195842147, 0.980635464, 0, 0, 0, -1, -0.980635464, 0.195842147, 0)] = 'SnowGlow',[2] = 'Door1',},{[CFrame.new(28.9053345, 24.4679146, -54.9058228, -0.479770213, 0.852841616, -0.206114903, 0.340144813, -0.0357557833, -0.939691961, -0.808780015, -0.520945907, -0.272934049)] = 'SnowGlow',[2] = 'Door1',},{[CFrame.new(44.0139771, 13.3999996, -50.4390564, -0.171628952, 0.985161662, 0, 0, 0, -1, -0.985161662, -0.171628937, 0)] = 'SnowGlow',[2] = 'Door1',},{[CFrame.new(7.31082153, 2.3325007, -61.4151917, -0.739545882, 0.607052803, 0.290790588, -0.340132654, 0.0357654467, -0.939697623, -0.58084625, -0.793856263, 0.180028349)] = 'SnowGlow',[2] = 'Door1',},{[CFrame.new(35.3616638, 2.59533477, -58.8746948, -0.291970432, 0.933956742, 0.206113368, -0.32528165, 0.105690092, -0.939694345, -0.899413407, -0.341409087, 0.272940814)] = 'SnowGlow',[2] = 'Door1',},{[CFrame.new(29.4979248, 13.3999996, -66.6393127, -0.326543212, 0.945186257, 0, 0, 0, -1, -0.945186257, -0.326543212, 0)] = 'SnowGlow',[2] = 'Door1',},{[CFrame.new(35.3616638, 24.2044945, -58.8745422, -0.291969419, 0.933956027, -0.206114456, 0.325277984, -0.105694652, -0.939690709, -0.89941889, -0.341406763, -0.272933662)] = 'SnowGlow',[2] = 'Door1',},{[CFrame.new(54.1437073, 24.2046032, -42.4042358, 0.0526439659, 0.994218469, -0.0935970768, 0.32528758, -0.105688289, -0.939688325, -0.944150865, 0.0190233104, -0.328965694)] = 'SnowGlow',[2] = 'Door1',},{[CFrame.new(54.1443481, 2.59533882, -42.4044495, 0.0526567623, 0.994216859, 0.0935960785, -0.325283498, 0.105691046, -0.939691544, -0.944149315, 0.0190358553, 0.328967661)] = 'SnowGlow',[2] = 'Door1',},{[CFrame.new(51.4806824, 13.3999996, -51.7629089, 0.0369481593, 0.999317229, 0, 0, 0, -1, -0.999317229, 0.0369482636, 0)] = 'SnowGlow',[2] = 'Door1',},{[CFrame.new(11.8974304, 2.59602165, -67.4482727, -0.597172856, 0.747547328, 0.290791065, -0.325264812, 0.105701707, -0.939700484, -0.733206987, -0.655743957, 0.180028886)] = 'SnowGlow',[2] = 'Door1',},{[CFrame.new(42.4373474, 23.4103508, -61.4839172, -0.0914057642, 0.974249423, -0.206114367, 0.296193093, -0.171014294, -0.939693451, -0.950744331, -0.146943033, -0.272934258)] = 'SnowGlow',[2] = 'Door1',},{[CFrame.new(61.6847534, 3.38942027, -42.2814636, 0.258215398, 0.961543262, 0.0935961157, -0.296200991, 0.171011731, -0.939691961, -0.919559717, 0.214919686, 0.32896769)] = 'SnowGlow',[2] = 'Door1',},{[CFrame.new(59.0594482, 13.3999996, -51.5053711, 0.243910253, 0.969798088, 0, 0, 0, -1, -0.969798148, 0.243910983, 0)] = 'SnowGlow',[2] = 'Door1',},{[CFrame.new(36.6579895, 13.3999996, -69.1369019, -0.122891717, 0.992420137, 0, 0, 0, -1, -0.992420137, -0.122891717, 0)] = 'SnowGlow',[2] = 'Door1',},{[CFrame.new(61.6842346, 23.4105282, -42.2814331, 0.258202463, 0.961546361, -0.093595244, 0.296213597, -0.171009332, -0.939687908, -0.919559181, 0.21490553, -0.328978181)] = 'SnowGlow',[2] = 'Door1',},{[CFrame.new(42.4373169, 3.38942003, -61.4840088, -0.0914066285, 0.974249721, 0.20611228, -0.296197772, 0.171011314, -0.939692557, -0.950742841, -0.146944106, 0.272939026)] = 'SnowGlow',[2] = 'Door1',},{[CFrame.new(17.5527039, 3.39018655, -72.4375, -0.428697854, 0.855369687, 0.290793478, -0.296181142, 0.171019912, -0.939696252, -0.853519142, -0.48897326, 0.180028513)] = 'SnowGlow',[2] = 'Door1',},{[CFrame.new(66.4190979, 13.3999996, -49.6777344, 0.440211475, 0.897895336, 0, 0, 0, -1, -0.897896409, 0.440216392, 0)] = 'SnowGlow',[2] = 'Door1',},{[CFrame.new(49.8230896, 4.67949247, -62.619873, 0.113148853, 0.971964478, 0.20611237, -0.25417015, 0.228857264, -0.939692855, -0.960518956, 0.0539375097, 0.272939026)] = 'SnowGlow',[2] = 'Door1',},{[CFrame.new(44.1808472, 13.3999996, -70.0913086, 0.0861295238, 0.996284366, 0, 0, 0, -1, -0.996284366, 0.0861295238, 0)] = 'SnowGlow',[2] = 'Door1',},{[CFrame.new(49.8231201, 22.1202545, -62.619751, 0.113149509, 0.971964419, -0.206114352, 0.254164696, -0.228859305, -0.939693451, -0.96051991, 0.0539389551, -0.272934347)] = 'SnowGlow',[2] = 'Door1',},{[CFrame.new(68.9815979, 22.1204548, -40.6726074, 0.452477008, 0.886850834, -0.0935951695, 0.254185706, -0.228858635, -0.939688206, -0.854783535, 0.401396394, -0.328978419)] = 'SnowGlow',[2] = 'Door1',},{[CFrame.new(68.9821167, 4.67953825, -40.6725159, 0.452489167, 0.886847675, 0.093596682, -0.254173785, 0.228859097, -0.939694822, -0.85478133, 0.401411712, 0.328968108)] = 'SnowGlow',[2] = 'Door1',},{[CFrame.new(51.7376709, 13.3999996, -69.4608154, 0.29138729, 0.956608176, 0, 0, 0, -1, -0.956608176, 0.29138729, 0)] = 'SnowGlow',[2] = 'Door1',},{[CFrame.new(73.2379761, 13.3999996, -46.3599243, 0.617262542, 0.78675729, 0, 0, 0, -1, -0.78675735, 0.617262483, 0)] = 'SnowGlow',[2] = 'Door1',},{[CFrame.new(75.71698, 20.3907356, -37.6480713, 0.626977265, 0.773395061, -0.0935945436, 0.20104818, -0.276705652, -0.939690053, -0.752651453, 0.570343912, -0.32897985)] = 'SnowGlow',[2] = 'Door1',},{[CFrame.new(57.1961365, 20.3905869, -62.2325439, 0.312760174, 0.927201629, -0.206114233, 0.201028079, -0.276702762, -0.93969357, -0.92831862, 0.252464473, -0.272935152)] = 'SnowGlow',[2] = 'Door1',},{[CFrame.new(57.196106, 6.40915251, -62.232666, 0.312758833, 0.92719996, 0.206112087, -0.201034039, 0.276701003, -0.939692438, -0.928314149, 0.252461582, 0.272939444)] = 'SnowGlow',[2] = 'Door1',},{[CFrame.new(75.7174072, 6.40922165, -37.6479797, 0.626986384, 0.773387611, 0.0935931057, -0.201041177, 0.276702911, -0.939690411, -0.752642393, 0.570356965, 0.328971744)] = 'SnowGlow',[2] = 'Door1',},{[CFrame.new(58.9983215, 13.3999996, -67.2729187, 0.483908445, 0.875118673, 0, 0, 0, -1, -0.875118673, 0.483908445, 0)] = 'SnowGlow',[2] = 'Door1',},{[CFrame.new(64.2344055, 18.2968597, -60.3391724, 0.498697132, 0.841912627, -0.206116974, 0.139100939, -0.312450677, -0.939694405, -0.855541945, 0.439951837, -0.272929132)] = 'SnowGlow',[2] = 'Door1',},{[CFrame.new(81.5963135, 8.50292587, -33.3400269, 0.774081647, 0.626129329, 0.0935931131, -0.139118165, 0.312454998, -0.939690769, -0.617611647, 0.71437639, 0.328971893)] = 'SnowGlow',[2] = 'Door1',},{[CFrame.new(79.2180786, 13.3999996, -41.697052, 0.767350435, 0.641228676, 0, 0, 0, -1, -0.641229272, 0.767349839, 0)] = 'SnowGlow',[2] = 'Door1',},{[CFrame.new(64.2341919, 8.50285053, -60.3392639, 0.498699963, 0.841912329, 0.206112131, -0.139111608, 0.31245181, -0.939692438, -0.855538487, 0.439952075, 0.272939444)] = 'SnowGlow',[2] = 'Door1',},{[CFrame.new(81.5959778, 18.2969933, -33.3401489, 0.774071276, 0.626140773, -0.0936027691, 0.139117166, -0.312460184, -0.939688861, -0.617624581, 0.71436429, -0.328973383)] = 'SnowGlow',[2] = 'Door1',},{[CFrame.new(70.6297913, 10.8690643, -57.0224609, 0.662845194, 0.719829738, 0.206112236, -0.0711092949, 0.334547222, -0.939692438, -0.745371222, 0.608215213, 0.272939444)] = 'SnowGlow',[2] = 'Door1',},{[CFrame.new(70.6300354, 15.9306545, -57.0223389, 0.662842691, 0.719829679, -0.206117064, 0.0710991472, -0.334543496, -0.939694762, -0.745375037, 0.608214915, -0.272929221)] = 'SnowGlow',[2] = 'Door1',},{[CFrame.new(65.6453857, 13.3999996, -63.623291, 0.655281365, 0.75538516, 0, 0, 0, -1, -0.75538516, 0.655281365, 0)] = 'SnowGlow',[2] = 'Door1',},{[CFrame.new(84.0979919, 13.3999996, -35.8926697, 0.883900106, 0.467675775, 0, 0, 0, -1, -0.467675745, 0.883900166, 0)] = 'SnowGlow',[2] = 'Door1',},{[CFrame.new(76.1035767, 13.3954086, -52.4270935, 0.798017681, 0.566285729, -0.206117764, -9.76802221e-06, -0.3420147, -0.939697146, -0.602631211, 0.749895275, -0.272929877)] = 'SnowGlow',[2] = 'Door1',},{[CFrame.new(76.1034546, 13.4043732, -52.4271851, 0.798021257, 0.566286445, 0.206111833, 5.83468363e-07, 0.342020988, -0.939692616, -0.602627039, 0.74989742, 0.272939473)] = 'SnowGlow',[2] = 'Door1',},{[CFrame.new(71.3883667, 13.3999996, -58.6714478, 0.79801631, 0.602638364, 0, 0, 0, -1, -0.602638364, 0.79801631, 0)] = 'SnowGlow',[2] = 'Door1',},{[CFrame.new(80.4157715, 10.8018856, -46.7542114, 0.898317397, 0.387997895, -0.206115663, -0.0711165816, -0.334539264, -0.939694643, -0.433553308, 0.858802259, -0.272929311)] = 'SnowGlow',[2] = 'Door1',},{[CFrame.new(80.415802, 15.9979973, -46.754303, 0.898319304, 0.387993097, 0.206110939, 0.0711099356, 0.334546685, -0.939693034, -0.433543891, 0.858807087, 0.272939354)] = 'SnowGlow',[2] = 'Door1',},{[CFrame.new(58.2885132, 10.8019257, -72.422699, 0.681023121, 0.672045946, -0.29079479, -0.0711153224, -0.334540904, -0.939694107, -0.728800416, 0.660633445, -0.180037275)] = 'SnowGlow',[2] = 'Door1',},{[CFrame.new(75.9763489, 13.3999996, -52.6336975, 0.905874789, 0.423553079, 0, 0, 0, -1, -0.423553079, 0.905874789, 0)] = 'SnowGlow',[2] = 'Door1',},{[CFrame.new(79.2087402, 13.3999996, -45.7740173, 0.974137783, 0.225954771, 0, 0, 0, -1, -0.225954771, 0.974137783, 0)] = 'SnowGlow',[2] = 'Door1',},{[CFrame.new(83.3783875, 8.26344681, -40.2517395, 0.959356964, 0.192748591, -0.206115738, -0.139117181, -0.312442988, -0.939694941, -0.245524347, 0.930176973, -0.27292937)] = 'SnowGlow',[2] = 'Door1',},{[CFrame.new(83.3783569, 18.5365105, -40.2517395, 0.959360301, 0.19273743, 0.206107408, 0.139111027, 0.312447399, -0.939693987, -0.245511934, 0.930176854, 0.272937715)] = 'SnowGlow',[2] = 'Door1',},{[CFrame.new(57.5163879, 13.3999996, -71.0718994, 0.826732516, 0.562595725, 0, 0, 0, -1, -0.562595725, 0.826732516, 0)] = 'SnowGlow',[2] = 'Door1',},{[CFrame.new(63.400177, 8.26345539, -67.4294739, 0.805867136, 0.515766978, -0.290795028, -0.13911581, -0.312444508, -0.939694047, -0.575521231, 0.797723114, -0.180037111)] = 'SnowGlow',[2] = 'Door1',},{[CFrame.new(63.3997498, 18.5372238, -67.4289246, 0.805876613, 0.515762866, 0.290786743, 0.139118493, 0.312431574, -0.939700484, -0.575511873, 0.797735393, 0.180029958)] = 'SnowGlow',[2] = 'Door1',},{[CFrame.new(80.9443054, 13.3999996, -38.3922119, 0.999829233, 0.0184824616, 0, 0, 0, -1, -0.0184824616, 0.999829233, 0)] = 'SnowGlow',[2] = 'Door1',},{[CFrame.new(84.8616638, 5.89102936, -33.2037354, 0.97846669, -0.0109242024, -0.206115425, -0.201037183, -0.276691079, -0.939694762, -0.0467648841, 0.96089685, -0.272929162)] = 'SnowGlow',[2] = 'Door1',},{[CFrame.new(67.3291626, 20.9096146, -61.3925781, 0.895496488, 0.336940467, 0.29078725, 0.201038554, 0.276675433, -0.939699054, -0.397076309, 0.899956524, 0.180023849)] = 'SnowGlow',[2] = 'Door1',},{[CFrame.new(61.8012695, 13.3999996, -64.8153687, 0.925638378, 0.378414989, 0, 0, 0, -1, -0.378414989, 0.925638378, 0)] = 'SnowGlow',[2] = 'Door1',},{[CFrame.new(67.3297119, 5.89098215, -61.3932495, 0.895489931, 0.336943835, -0.290796846, -0.201033756, -0.276692033, -0.939693749, -0.397090614, 0.899947822, -0.180036217)] = 'SnowGlow',[2] = 'Door1',},{[CFrame.new(84.8616638, 20.9090157, -33.2036438, 0.978469074, -0.0109365452, 0.206107512, 0.201032668, 0.276696831, -0.939694285, -0.0467522889, 0.96089524, 0.272937864)] = 'SnowGlow',[2] = 'Door1',},{[CFrame.new(64.6918335, 13.3999996, -57.8048401, 0.98409003, 0.177695036, 0, 0, 0, -1, -0.177695036, 0.98409003, 0)] = 'SnowGlow',[2] = 'Door1',},{[CFrame.new(69.9051819, 3.7881844, -54.5778198, 0.945979595, 0.143422648, -0.290779263, -0.254150808, -0.22885628, -0.939697921, -0.201320618, 0.962836802, -0.180042416)] = 'SnowGlow',[2] = 'Door1',},{[CFrame.new(45.6607971, 3.78818631, -75.9191589, 0.809385896, 0.481523097, -0.336199939, -0.254173189, -0.228857607, -0.939691603, -0.529425621, 0.846025944, -0.0628437996)] = 'SnowGlow',[2] = 'Door1',},{[CFrame.new(69.9045105, 23.012228, -54.5770264, 0.945981681, 0.143393263, 0.290787339, 0.254169405, 0.228831112, -0.939699411, -0.201287746, 0.962846816, 0.180023864)] = 'SnowGlow',[2] = 'Door1',},{[CFrame.new(71.0142212, 2.04696202, -47.2810059, 0.955126941, -0.0563916937, -0.290779382, -0.296178818, -0.171014205, -0.93969804, 0.00326376874, 0.983653247, -0.180042505)] = 'SnowGlow',[2] = 'Door1',},{[CFrame.new(43.6060181, 13.3999996, -70.5850525, 0.943156183, 0.332350045, 0, 0, 0, -1, -0.332350075, 0.943156064, 0)] = 'SnowGlow',[2] = 'Door1',},{[CFrame.new(49.3305969, 2.04696918, -69.5155334, 0.891815424, 0.302718997, -0.33619985, -0.296201825, -0.171010882, -0.939691603, -0.341959715, 0.93761301, -0.0628436953)] = 'SnowGlow',[2] = 'Door1',},{[CFrame.new(71.0132446, 24.7532463, -47.2800903, 0.955123544, -0.0564208478, 0.290788233, 0.296191931, 0.170985773, -0.939701796, 0.0032980023, 0.98365438, 0.180023998)] = 'SnowGlow',[2] = 'Door1',},{[CFrame.new(49.3302307, 24.7531281, -69.5155945, 0.89181602, 0.302725255, 0.336195022, 0.296196818, 0.171007305, -0.939692855, -0.341961682, 0.937611759, 0.0628411919)] = 'SnowGlow',[2] = 'Door1',},{[CFrame.new(66.061676, 13.3999996, -50.3464966, 0.999525785, -0.0307917409, 0, 0, 0, -1, 0.0307917427, 0.999525785, 0)] = 'SnowGlow',[2] = 'Door1',},{[CFrame.new(46.1477051, 13.3999996, -63.4405212, 0.991645873, 0.128994167, 0, 0, 0, -1, -0.128994316, 0.991644979, 0)] = 'SnowGlow',[2] = 'Door1',},{[CFrame.new(51.6460876, 26.0566387, -62.4131775, 0.935265899, 0.110693611, 0.336191535, 0.325275272, 0.105685219, -0.93969506, -0.139548719, 0.98821938, 0.0628378913)] = 'SnowGlow',[2] = 'Door1',},{[CFrame.new(65.8508301, 13.3999996, -42.7664185, 0.971281648, -0.237931907, 0, 0, 0, -1, 0.237931907, 0.971281648, 0)] = 'SnowGlow',[2] = 'Door1',},{[CFrame.new(25.8057251, 0.743999243, -76.6295776, 0.821705818, 0.460196644, -0.336182117, -0.325271785, -0.105673358, -0.939697564, -0.467973441, 0.881503701, 0.0628552586)] = 'SnowGlow',[2] = 'Door1',},{[CFrame.new(20.307373, 13.3999996, -75.6018066, 0.878083706, 0.478516579, 0, 0, 0, -1, -0.478516579, 0.878083706, 0)] = 'SnowGlow',[2] = 'Door1',},{[CFrame.new(70.6069946, 26.0565319, -39.8207703, 0.922521114, -0.253768682, 0.290785551, 0.325268179, 0.105670631, -0.939699054, 0.207738683, 0.961475611, 0.180026248)] = 'SnowGlow',[2] = 'Door1',},{[CFrame.new(70.6082458, 0.743425667, -39.8217468, 0.92253083, -0.253741115, -0.290780067, -0.32526195, -0.10569752, -0.939698875, 0.207705498, 0.961478293, -0.180043221)] = 'SnowGlow',[2] = 'Door1',},{[CFrame.new(51.6463318, 0.743473053, -62.413208, 0.935262382, 0.110695258, -0.336200714, -0.325283021, -0.105694637, -0.939691305, -0.139553964, 0.988218248, -0.0628449321)] = 'SnowGlow',[2] = 'Door1',},{[CFrame.new(29.3137817, 26.8646755, -69.955719, 0.899433076, 0.279292852, 0.336187452, 0.340138614, 0.035740152, -0.939700663, -0.274469286, 0.959539831, -0.062852852)] = 'SnowGlow',[2] = 'Door1',},{[CFrame.new(47.1483459, 13.3999996, -55.923645, 0.996798694, -0.0799993724, 0, 0, 0, -1, 0.0799992979, 0.996792257, 0)] = 'SnowGlow',[2] = 'Door1',},{[CFrame.new(52.5067444, 26.8654728, -54.9223938, 0.937842965, -0.0861780196, 0.336191535, 0.340140671, 0.0357472226, -0.939695418, 0.0689631253, 0.995638132, 0.0628378987)] = 'SnowGlow',[2] = 'Door1',},{[CFrame.new(29.3140564, -0.0647319108, -69.9555054, 0.899429858, 0.279302627, -0.336180419, -0.340133965, -0.0357326716, -0.939698339, -0.274476796, 0.959534466, 0.0628582612)] = 'SnowGlow',[2] = 'Door1',},{[CFrame.new(2.25454712, -0.0659113377, -75.5968628, 0.739546955, 0.607047439, -0.290799469, -0.340136826, -0.035772942, -0.939695299, -0.580841899, 0.793860972, 0.180023387)] = 'SnowGlow',[2] = 'Door1',},{[CFrame.new(64.068634, 13.3999996, -35.395813, 0.900587082, -0.434672922, 0, 0, 0, -1, 0.434672922, 0.900587082, 0)] = 'SnowGlow',[2] = 'Door1',},{[CFrame.new(23.9559937, 13.3999996, -68.9538879, 0.958380342, 0.285494715, 0, 0, 0, -1, -0.285494715, 0.958380342, 0)] = 'SnowGlow',[2] = 'Door1',},{[CFrame.new(68.7035522, 26.8652344, -32.5249023, 0.849600255, -0.440026522, 0.290785611, 0.34013027, 0.0357344486, -0.939698875, 0.403101087, 0.897274375, 0.180026233)] = 'SnowGlow',[2] = 'Door1',},{[CFrame.new(52.506958, -0.065394178, -54.9225464, 0.937839806, -0.0861756876, -0.336200804, -0.340150088, -0.0357548147, -0.939691663, 0.0689578056, 0.99563843, -0.0628449619)] = 'SnowGlow',[2] = 'Door1',},{[CFrame.new(26.1426697, 13.3999996, -61.6926575, 0.996795595, 0.0799975097, 0, 0, 0, -1, -0.0799975097, 0.996795595, 0)] = 'SnowGlow',[2] = 'Door1',},{[CFrame.new(6.87466431, -0.344915509, -69.5901184, 0.849598408, 0.440020591, -0.290799648, -0.340141535, 0.0357270874, -0.939695358, -0.403095841, 0.897276759, 0.180022955)] = 'SnowGlow',[2] = 'Door1',},{[CFrame.new(46.5643005, 13.3999996, -48.3630371, 0.958380699, -0.285493225, 0, 0, 0, -1, 0.285493225, 0.958380699, 0)] = 'SnowGlow',[2] = 'Door1',},{[CFrame.new(51.8744507, 27.1442451, -47.370697, 0.899433732, -0.279283285, 0.336191624, 0.340141773, -0.0357531421, -0.93969804, 0.274461567, 0.959542334, 0.0628378093)] = 'SnowGlow',[2] = 'Door1',},{[CFrame.new(51.8747559, -0.34421891, -47.3708496, 0.899430752, -0.279280633, -0.336201459, -0.340151697, 0.0357477628, -0.939694107, 0.27445659, 0.959545672, -0.0628451407)] = 'SnowGlow',[2] = 'Door1',},{[CFrame.new(31.4521179, 27.1434193, -62.6854858, 0.937843919, 0.0861973092, 0.336182803, 0.340133458, -0.0357555486, -0.939697206, -0.0689789653, 0.995636344, -0.0628517121)] = 'SnowGlow',[2] = 'Door1',},{[CFrame.new(31.4523621, -0.343431771, -62.6853333, 0.937844753, 0.0862135217, -0.336176395, -0.340129167, 0.0357713439, -0.93969816, -0.0689892024, 0.995634317, 0.0628716946)] = 'SnowGlow',[2] = 'Door1',},{[CFrame.new(49.7770386, 26.880825, -40.0880432, 0.821708858, -0.460180551, 0.336197078, 0.325279891, -0.105690278, -0.939692855, 0.467961103, 0.881512105, 0.0628408417)] = 'SnowGlow',[2] = 'Door1',},{[CFrame.new(32.1273804, -0.0798542202, -55.1367493, 0.935275733, -0.110659383, -0.336176366, -0.325259417, 0.105706528, -0.939698219, 0.139522463, 0.988221347, 0.0628716946)] = 'SnowGlow',[2] = 'Door1',},{[CFrame.new(44.421051, 13.3999996, -41.0890198, 0.878080249, -0.478513002, 0, 0, 0, -1, 0.478513002, 0.878080249, 0)] = 'SnowGlow',[2] = 'Door1',},{[CFrame.new(32.1271057, 26.8800125, -55.1368713, 0.935271561, -0.110675082, 0.336182833, 0.325266898, -0.105691947, -0.939697325, 0.139532864, 0.988221228, -0.0628517494)] = 'SnowGlow',[2] = 'Door1',},{[CFrame.new(49.7773743, -0.0808829367, -40.0882263, 0.821707308, -0.460179746, -0.336201996, -0.325286269, 0.105688781, -0.939690769, 0.467959464, 0.881512582, -0.0628449023)] = 'SnowGlow',[2] = 'Door1',},{[CFrame.new(26.7718811, 13.3999996, -54.1355286, 0.991648912, -0.128996521, 0, 0, 0, -1, 0.128996521, 0.991648912, 0)] = 'SnowGlow',[2] = 'Door1',},{[CFrame.new(10.2307129, -0.0817379355, -62.7950134, 0.922518015, 0.253763795, -0.290799707, -0.325280488, 0.105665788, -0.939695656, -0.207732826, 0.961477816, 0.180023015)] = 'SnowGlow',[2] = 'Door1',},{[CFrame.new(12.1759338, 0.712174654, -55.508667, 0.955118597, 0.0564167276, -0.290800273, -0.296202928, 0.170986652, -0.939697385, -0.00329042878, 0.983660102, 0.180023387)] = 'SnowGlow',[2] = 'Door1',},{[CFrame.new(31.3091125, 26.0859013, -47.6397705, 0.891825199, -0.302711457, 0.336183012, 0.296185374, -0.171009451, -0.939698339, 0.341947377, 0.937618434, -0.0628520548)] = 'SnowGlow',[2] = 'Door1',},{[CFrame.new(25.8161621, 13.3999996, -46.6127319, 0.943155527, -0.332351744, 0, 0, 0, -1, 0.332351744, 0.943155527, 0)] = 'SnowGlow',[2] = 'Door1',},{[CFrame.new(31.3093567, 0.714415908, -47.6395874, 0.891832709, -0.302696735, -0.336176127, -0.296175212, 0.171022296, -0.939698815, 0.341937304, 0.937620282, 0.0628717989)] = 'SnowGlow',[2] = 'Door1',},{[CFrame.new(29.0341187, 2.00461936, -40.5215759, 0.809406519, -0.481502682, -0.336179018, -0.254147142, 0.228863031, -0.939697266, 0.529405713, 0.846035957, 0.0628707036)] = 'SnowGlow',[2] = 'Door1',},{[CFrame.new(29.0337524, 24.7958088, -40.5217896, 0.809396505, -0.481516212, 0.336183637, 0.254158854, -0.22885102, -0.939697027, 0.529415309, 0.846031547, -0.0628496036)] = 'SnowGlow',[2] = 'Door1',},{[CFrame.new(23.3171997, 13.3999996, -39.4530029, 0.85344553, -0.521182179, 0, 0, 0, -1, 0.521182179, 0.85344553, 0)] = 'SnowGlow',[2] = 'Door1',},{[CFrame.new(12.6253662, 2.00210285, -48.0494995, 0.945976436, -0.143402293, -0.290799618, -0.254179269, 0.228834912, -0.939695418, 0.201299593, 0.962844908, 0.180022553)] = 'SnowGlow',[2] = 'Door1',},{[CFrame.new(11.5594482, 3.73161983, -40.7434998, 0.895489573, -0.336948097, -0.290799737, -0.201047346, 0.276681095, -0.939695477, 0.397087485, 0.899951756, 0.180022508)] = 'SnowGlow',[2] = 'Door1',},{[CFrame.new(8.19458008, 10.7282019, -21.5403748, 0.183753476, -0.923696101, -0.336196363, -1.65063085e-07, 0.342021585, -0.939692497, 0.982976317, 0.172671974, 0.0628473535)] = 'SnowGlow',[2] = 'Door1',},{[CFrame.new(0.052154541, 10.7282, -22.8209839, 0.526436687, -0.798942268, -0.290790588, -3.36118049e-08, 0.342020363, -0.939692795, 0.850218117, 0.494687855, 0.180051237)] = 'SnowGlow',[2] = 'Door1',},{[CFrame.new(8.19458008, 16.0717564, -21.5404053, 0.183753133, -0.923693717, 0.336196274, 3.72529518e-09, -0.342020839, -0.939692616, 0.982973993, 0.172671512, -0.0628471524)] = 'SnowGlow',[2] = 'Door1',},{[CFrame.new(0.0520629883, 16.0717907, -22.8209229, 0.526436746, -0.798942327, 0.290790558, 2.98023366e-08, -0.342020363, -0.939692676, 0.850218117, 0.494687855, -0.180051237)] = 'SnowGlow',[2] = 'Door1',},{[CFrame.new(7.76739502, 13.3999996, -18.8169861, -0.691695988, -0.72218889, 0, 0, 0, -1, 0.72218889, -0.691695988, 0)] = 'SnowGlow',[2] = 'Door1',},{[CFrame.new(0.637817383, 13.3999996, -20.1272888, -0.384103864, -0.92329365, 0, 0, 0, -1, 0.923293412, -0.384103954, 0)] = 'SnowGlow',[2] = 'Door1',},{[CFrame.new(8.31594849, 13.321806, -18.6920471, -0.371778578, -0.865307868, -0.336196363, 0.071110107, 0.334546596, -0.939692974, 0.925596952, -0.373264581, -0.0628447831)] = 'SnowGlow',[2] = 'Door1',},{[CFrame.new(9.29721069, 10.9397173, -19.6981812, -0.805872083, -0.515761137, 0.290792823, -0.139113516, -0.312447548, -0.939693451, 0.575514615, -0.797726214, 0.180043608)] = 'SnowGlow',[2] = 'Door1',},{[CFrame.new(17.7927856, 13.3999996, -16.8123779, -0.989980757, 0.141202822, 0, 0, 0, -1, -0.141202822, -0.989980757, 0)] = 'SnowGlow',[2] = 'Door1',},{[CFrame.new(-5.94714355, 15.8603783, -20.4551697, -0.20783335, -0.918573499, -0.336196423, 0.13911128, 0.312450767, -0.939693511, 0.968221784, -0.242068127, 0.0628462583)] = 'SnowGlow',[2] = 'Door1',},{[CFrame.new(2.27523804, 13.3999996, -24.0458679, -0.826732635, -0.562595844, 0, 0, 0, -1, 0.562595844, -0.826732635, 0)] = 'SnowGlow',[2] = 'Door1',},{[CFrame.new(-6.37231445, 13.3999996, -23.019104, -0.567671955, -0.823254883, 0, 0, 0, -1, 0.823254883, -0.567671955, 0)] = 'SnowGlow',[2] = 'Door1',},{[CFrame.new(-5.94723511, 10.9396343, -20.4551392, -0.207832858, -0.918573141, 0.336198002, -0.139112279, -0.312452555, -0.93969214, 0.968221784, -0.242068157, -0.0628468767)] = 'SnowGlow',[2] = 'Door1',},{[CFrame.new(10.7104187, 13.3999996, -21.8794861, -0.974142194, -0.22595574, 0, 0, 0, -1, 0.22595574, -0.974142194, 0)] = 'SnowGlow',[2] = 'Door1',},{[CFrame.new(9.29718018, 15.8602791, -19.6981506, -0.805875301, -0.515755773, -0.290793777, 0.139112532, 0.312452585, -0.93969202, 0.575510859, -0.797727704, -0.180049732)] = 'SnowGlow',[2] = 'Door1',},{[CFrame.new(18.8411255, 13.3999996, -24.3228149, -0.938989937, 0.34394592, 0, 0, 0, -1, -0.34394592, -0.938989937, 0)] = 'SnowGlow',[2] = 'Door1',},{[CFrame.new(1.74575806, 15.8603249, -21.5015869, -0.543560505, -0.769099534, -0.336196274, 0.139111921, 0.312450469, -0.939692795, 0.827761948, -0.557548881, -0.0628448129)] = 'SnowGlow',[2] = 'Door1',},{[CFrame.new(14.2037964, 18.2328472, -22.336853, -0.978467226, 0.0109296013, -0.20611304, 0.201036021, 0.27669856, -0.939692736, 0.0467607118, -0.960894644, -0.272937685)] = 'SnowGlow',[2] = 'Door1',},{[CFrame.new(1.74563599, 10.9396086, -21.5016174, -0.543561041, -0.769099176, 0.336196929, -0.139112115, -0.312450618, -0.939694285, 0.827763617, -0.557548285, 0.0628449172)] = 'SnowGlow',[2] = 'Door1',},{[CFrame.new(8.9750061, 13.3999996, -29.2614136, -0.999829233, -0.0184824485, 0, 0, 0, -1, 0.0184824504, -0.999829233, 0)] = 'SnowGlow',[2] = 'Door1',},{[CFrame.new(5.36773682, 8.56719017, -25.734436, -0.89549309, -0.336940825, 0.290793121, -0.201034665, -0.276695937, -0.939693093, 0.397080779, -0.899950683, 0.180044174)] = 'SnowGlow',[2] = 'Door1',},{[CFrame.new(-21.446991, 13.3999996, -20.6742859, -0.429118603, -0.903250813, 0, 0, 0, -1, 0.903250813, -0.429118574, 0)] = 'SnowGlow',[2] = 'Door1',},{[CFrame.new(21.2159729, 8.56716919, -15.9768982, -0.929288864, 0.357297361, 0.0935997888, -0.201034397, -0.276699334, -0.939692855, -0.309850812, -0.892062843, 0.328962624)] = 'SnowGlow',[2] = 'Door1',},{[CFrame.new(26.2571106, 13.3999996, -16.1532593, -0.751334488, 0.659922123, 0, 0, 0, -1, -0.659922123, -0.751334488, 0)] = 'SnowGlow',[2] = 'Door1',},{[CFrame.new(21.2157288, 18.2327919, -15.9768066, -0.929288805, 0.357297659, -0.0935990661, 0.201034039, 0.276700169, -0.939692736, -0.30985111, -0.892062485, -0.328963339)] = 'SnowGlow',[2] = 'Door1',},{[CFrame.new(14.2038269, 8.56715393, -22.336853, -0.978467405, 0.010924099, 0.206114024, -0.201035559, -0.276700079, -0.93969202, 0.0467664003, -0.960894406, 0.272937745)] = 'SnowGlow',[2] = 'Door1',},{[CFrame.new(5.36785889, 18.23279, -25.734436, -0.895496607, -0.336934328, -0.290793866, 0.201035082, 0.276701689, -0.93969208, 0.397077829, -0.89995116, -0.180049792)] = 'SnowGlow',[2] = 'Door1',},{[CFrame.new(-12.9174805, 18.232935, -22.2688599, -0.394273847, -0.855289698, -0.336195886, 0.201033622, 0.276699871, -0.939692855, 0.896735013, -0.438082963, 0.062846452)] = 'SnowGlow',[2] = 'Door1',},{[CFrame.new(-4.09875488, 18.2328529, -25.7108154, -0.69158715, -0.639280736, -0.336196184, 0.201034069, 0.276699781, -0.939692616, 0.693752408, -0.71746695, -0.062844798)] = 'SnowGlow',[2] = 'Door1',},{[CFrame.new(-2.00973511, 13.3999996, -30.3023987, -0.92563951, -0.378415525, 0, 0, 0, -1, 0.378415525, -0.92563951, 0)] = 'SnowGlow',[2] = 'Door1',},{[CFrame.new(-12.6280823, 13.3999996, -27.3052063, -0.72643137, -0.68723917, 0, 0, 0, -1, 0.68723917, -0.72643137, 0)] = 'SnowGlow',[2] = 'Door1',},{[CFrame.new(-12.9176025, 8.56709385, -22.2688599, -0.39427352, -0.855289876, 0.336198211, -0.201035053, -0.276701748, -0.939692438, 0.89673543, -0.438083351, -0.0628468543)] = 'SnowGlow',[2] = 'Door1',},{[CFrame.new(-4.09884644, 8.56711483, -25.7108154, -0.691588581, -0.639280021, 0.336197764, -0.20103468, -0.276700407, -0.939695716, 0.693755746, -0.717465043, 0.0628452078)] = 'SnowGlow',[2] = 'Door1',},{[CFrame.new(-17.8560181, 13.3999996, -32.7983398, -0.853442729, -0.52118814, 0, 0, 0, -1, 0.52118814, -0.853442729, 0)] = 'SnowGlow',[2] = 'Door1',},{[CFrame.new(-8.96224976, 6.46429539, -31.1357422, -0.809386373, -0.481523305, 0.336198002, -0.254170179, -0.228858545, -0.939692199, 0.529425502, -0.846025407, 0.0628461465)] = 'SnowGlow',[2] = 'Door1',},{[CFrame.new(-8.96221924, 20.3356915, -31.1357117, -0.80938828, -0.481521368, -0.336196125, 0.25417012, 0.228855491, -0.939692914, 0.529422522, -0.846027434, -0.0628446117)] = 'SnowGlow',[2] = 'Door1',},{[CFrame.new(-4.90029907, 13.3999996, -37.3131409, -0.984085739, -0.177694365, 0, 0, 0, -1, 0.177694365, -0.984085739, 0)] = 'SnowGlow',[2] = 'Door1',},{[CFrame.new(23.9043579, 6.46433687, -22.7486267, -0.834695756, 0.542699575, 0.0935998037, -0.254170448, -0.228855535, -0.939692855, -0.488550425, -0.808147669, 0.328962564)] = 'SnowGlow',[2] = 'Door1',},{[CFrame.new(31.2443237, 13.3999996, -21.8656311, -0.597711742, 0.801714301, 0, 0, 0, -1, -0.801714301, -0.597711742, 0)] = 'SnowGlow',[2] = 'Door1',},{[CFrame.new(2.7925415, 20.3356285, -32.5498962, -0.94598037, -0.143386647, -0.290794164, 0.254171073, 0.228857532, -0.939692318, 0.201291367, -0.962844551, -0.180050045)] = 'SnowGlow',[2] = 'Door1',},{[CFrame.new(14.2644348, 6.46431923, -29.622406, -0.954816699, 0.214120179, 0.206113607, -0.254172295, -0.228856549, -0.939689517, -0.154037476, -0.949620783, 0.272936702)] = 'SnowGlow',[2] = 'Door1',},{[CFrame.new(23.9040527, 20.3355961, -22.7484436, -0.834695578, 0.542700052, -0.0935991034, 0.254170239, 0.2288564, -0.939693034, -0.488550514, -0.80814743, -0.328963369)] = 'SnowGlow',[2] = 'Door1',},{[CFrame.new(2.79241943, 6.46438456, -32.5498962, -0.945976734, -0.143394008, 0.29079175, -0.254168928, -0.228846893, -0.939693868, 0.201291203, -0.962844312, 0.180041194)] = 'SnowGlow',[2] = 'Door1',},{[CFrame.new(-19.4122925, 6.46424103, -25.5706177, -0.563482106, -0.754625261, 0.336197525, -0.254171491, -0.228856772, -0.939692259, 0.786056459, -0.614951611, -0.0628475249)] = 'SnowGlow',[2] = 'Door1',},{[CFrame.new(-21.8276367, 13.3999996, -39.2583923, -0.943153381, -0.332358003, 0, 0, 0, -1, 0.332357973, -0.943153381, 0)] = 'SnowGlow',[2] = 'Door1',},{[CFrame.new(-29.8725281, 3.41949606, -36.0023193, -0.821700633, -0.460195303, 0.336197048, -0.325281382, -0.105689652, -0.939692378, 0.467974544, -0.881504416, -0.0628477111)] = 'SnowGlow',[2] = 'Door1',},{[CFrame.new(-12.6320496, 22.0769081, -37.5392761, -0.891815126, -0.302717745, -0.336196125, 0.296197683, 0.171009555, -0.939692974, 0.34195435, -0.937613189, -0.0628446341)] = 'SnowGlow',[2] = 'Door1',},{[CFrame.new(-12.6319885, 4.72307777, -37.5393372, -0.891814113, -0.302719891, 0.336198062, -0.296198487, -0.171012416, -0.939692557, 0.341957837, -0.937611163, 0.0628462285)] = 'SnowGlow',[2] = 'Door1',},{[CFrame.new(28.0005493, 22.0767918, -28.8877563, -0.703623652, 0.704385638, -0.0935994685, 0.296198636, 0.171011105, -0.93969506, -0.645899355, -0.688913941, -0.328963846)] = 'SnowGlow',[2] = 'Door1',},{[CFrame.new(1.68362427, 4.72320414, -39.8468018, -0.955121994, 0.0564220808, 0.290789843, -0.296194762, -0.170989797, -0.939697385, -0.00329758623, -0.983655989, 0.180028021)] = 'SnowGlow',[2] = 'Door1',},{[CFrame.new(-6.27011108, 13.3999996, -44.7716675, -0.999525964, 0.0307916254, 0, 0, 0, -1, -0.0307916254, -0.999525964, 0)] = 'SnowGlow',[2] = 'Door1',},{[CFrame.new(36.4474792, 22.0769272, -17.1017456, -0.422784328, 0.905681252, 0.0315547846, 0.296195507, 0.171007887, -0.939693928, -0.85645932, -0.387941509, -0.340558052)] = 'SnowGlow',[2] = 'Door1',},{[CFrame.new(1.68377686, 22.07687, -39.8467102, -0.955121398, 0.0564185232, -0.290792376, 0.29619664, 0.171011716, -0.939692855, -0.00328718196, -0.983652294, -0.180047944)] = 'SnowGlow',[2] = 'Door1',},{[CFrame.new(37.3102417, 13.3999996, -26.4162598, -0.417963475, 0.908463895, 0, 0, 0, -1, -0.908463895, -0.417963475, 0)] = 'SnowGlow',[2] = 'Door1',},{[CFrame.new(-25.1474915, 4.72300959, -30.216156, -0.708064079, -0.620980799, 0.336197734, -0.296199203, -0.171010569, -0.939692557, 0.641023576, -0.764944255, -0.0628475323)] = 'SnowGlow',[2] = 'Door1',},{[CFrame.new(36.4475403, 4.72312641, -17.1015625, -0.422784388, 0.905680418, -0.0315560922, -0.296195984, -0.171009496, -0.939693809, -0.8564592, -0.387940675, 0.340559363)] = 'SnowGlow',[2] = 'Door1',},{[CFrame.new(28.0008545, 4.72311306, -28.8880615, -0.703624189, 0.704383552, 0.0936000943, -0.296199083, -0.171010211, -0.939692736, -0.645900488, -0.688913107, 0.328962237)] = 'SnowGlow',[2] = 'Door1',},{[CFrame.new(43.3058777, 23.3804131, -20.0630493, -0.225244269, 0.973794281, 0.0315550193, 0.325277954, 0.105688445, -0.939694166, -0.918404043, -0.201396853, -0.340558529)] = 'SnowGlow',[2] = 'Door1',},{[CFrame.new(-24.3693542, 13.3999996, -46.4030151, -0.991644681, -0.129002705, 0, 0, 0, -1, 0.129002526, -0.99164474, 0)] = 'SnowGlow',[2] = 'Door1',},{[CFrame.new(-6.05932617, 13.3999996, -52.3519287, -0.971282721, 0.237932101, 0, 0, 0, -1, -0.237932101, -0.971282721, 0)] = 'SnowGlow',[2] = 'Door1',},{[CFrame.new(43.3058472, 3.41962552, -20.0627747, -0.225244269, 0.973788559, -0.0315560177, -0.32527867, -0.105689824, -0.939696312, -0.918404281, -0.201395318, 0.340561002)] = 'SnowGlow',[2] = 'Door1',},{[CFrame.new(44.1897278, 13.3999996, -29.6063232, -0.219949767, 0.97551167, 0, 0, 0, -1, -0.97551167, -0.219949767, 0)] = 'SnowGlow',[2] = 'Door1',},{[CFrame.new(-14.9477844, 3.41954708, -44.6416626, -0.935267985, -0.11068593, 0.336198747, -0.325282723, -0.105691813, -0.939695239, 0.139545396, -0.988216937, 0.0628466457)] = 'SnowGlow',[2] = 'Door1',},{[CFrame.new(-14.947876, 23.3804131, -44.6416016, -0.935265541, -0.110684097, -0.336195946, 0.325280309, 0.105689868, -0.939693511, 0.139541164, -0.988222837, -0.0628447384)] = 'SnowGlow',[2] = 'Door1',},{[CFrame.new(2.08996582, 23.3803673, -47.3059998, -0.922519982, 0.253766477, -0.290792525, 0.325279504, 0.10569188, -0.939693213, -0.207728267, -0.961473346, -0.180048034)] = 'SnowGlow',[2] = 'Door1',},{[CFrame.new(2.08984375, 3.41985726, -47.3060913, -0.922520161, 0.253770232, 0.290789753, -0.325273335, -0.105670951, -0.939697385, -0.207739249, -0.961475432, 0.180028021)] = 'SnowGlow',[2] = 'Door1',},{[CFrame.new(-4.27716064, 13.3999996, -59.7227478, -0.900588214, 0.434673369, 0, 0, 0, -1, -0.434673369, -0.900588214, 0)] = 'SnowGlow',[2] = 'Door1',},{[CFrame.new(50.6851501, 2.6107831, -21.6108093, -0.0178578664, 0.999342501, -0.0315566063, -0.340138733, -0.0357512608, -0.939695537, -0.940205693, -0.00604733359, 0.340553522)] = 'SnowGlow',[2] = 'Door1',},{[CFrame.new(3.99337769, 24.1892281, -54.6016846, -0.849602163, 0.440022796, -0.290793329, 0.34014681, 0.0357526094, -0.939695597, -0.40309149, -0.897271454, -0.18004863)] = 'SnowGlow',[2] = 'Door1',},{[CFrame.new(50.6853333, 24.1892548, -21.6111145, -0.0178580731, 0.99934262, 0.0315525047, 0.340139955, 0.0357474834, -0.93969512, -0.940205276, -0.00604887959, -0.340554714)] = 'SnowGlow',[2] = 'Door1',},{[CFrame.new(-15.8084412, 24.1892281, -52.1322632, -0.937839091, 0.0861882716, -0.336198568, 0.34014827, 0.0357499383, -0.93969202, -0.0689713508, -0.995637298, -0.0628444776)] = 'SnowGlow',[2] = 'Door1',},{[CFrame.new(-15.8084106, 2.61067271, -52.1322937, -0.937839031, 0.0861817077, 0.336200237, -0.340149671, -0.0357522108, -0.939691424, -0.0689642951, -0.995637834, 0.0628444999)] = 'SnowGlow',[2] = 'Door1',},{[CFrame.new(-25.3700867, 13.3999996, -53.9198303, -0.996798515, 0.0799905807, 0, 0, 0, -1, -0.0799917281, -0.996798933, 0)] = 'SnowGlow',[2] = 'Door1',},{[CFrame.new(-33.3808899, 2.61065364, -42.6763, -0.899424791, -0.279297888, 0.336197257, -0.340147316, -0.0357502922, -0.939692616, 0.274473071, -0.959538877, -0.0628477484)] = 'SnowGlow',[2] = 'Door1',},{[CFrame.new(58.2629089, 2.33196449, -21.678009, 0.190307364, 0.981217742, -0.0315566137, -0.340138972, 0.0357488133, -0.939696193, -0.920917273, 0.189564675, 0.340553731)] = 'SnowGlow',[2] = 'Door1',},{[CFrame.new(-15.1761169, 24.4680805, -59.6838989, -0.899425924, 0.279292703, -0.336198628, 0.340148032, -0.0357520916, -0.93969202, -0.274468899, -0.959540606, -0.0628444925)] = 'SnowGlow',[2] = 'Door1',},{[CFrame.new(-15.1760559, 2.33189344, -59.6838989, -0.899426758, 0.279286325, 0.336200297, -0.34014976, 0.0357502028, -0.939691424, -0.274461925, -0.959542871, 0.0628445297)] = 'SnowGlow',[2] = 'Door1',},{[CFrame.new(-24.7861328, 13.3999996, -61.4805298, -0.958380997, 0.28549239, 0, 0, 0, -1, -0.28549239, -0.958381057, 0)] = 'SnowGlow',[2] = 'Door1',},{[CFrame.new(58.2632446, 24.4680557, -21.6782837, 0.19030723, 0.981217861, 0.0315525271, 0.340139329, -0.0357527807, -0.93969506, -0.920917273, 0.189563051, -0.340554774)] = 'SnowGlow',[2] = 'Door1',},{[CFrame.new(7.3109436, 24.4680614, -61.4149475, -0.739549756, 0.607046962, -0.290792227, 0.340145558, -0.0357481912, -0.939693093, -0.580833077, -0.793861508, -0.180046797)] = 'SnowGlow',[2] = 'Door1',},{[CFrame.new(-1.00137329, 13.3999996, -66.5619507, -0.790534616, 0.612417579, 0, 0, 0, -1, -0.612417579, -0.790534616, 0)] = 'SnowGlow',[2] = 'Door1',},{[CFrame.new(-13.0785828, 24.2046394, -66.9664917, -0.821705461, 0.460191965, -0.336199313, 0.325281888, -0.105691835, -0.93969208, -0.